Date,Timestamp,Open,High,Low,Close,Volume
2015-04-01,00:00:00,1.65,1.7,1.65,1.7,38200
2015-04-06,00:00:00,1.6,1.7,1.6,1.7,12400
2015-04-07,00:00:00,1.7,1.7,1.7,1.7,126250
2015-04-08,00:00:00,1.65,1.75,1.6,1.7,334450
2015-04-09,00:00:00,1.65,1.8,1.65,1.75,55600
2015-04-10,00:00:00,1.65,1.9,1.65,1.75,85850
2015-04-13,00:00:00,1.7,2.0,1.7,1.9,125000
2015-04-15,00:00:00,1.8,1.95,1.8,1.85,38000
2015-04-16,00:00:00,1.8,2.0,1.8,1.95,133700
2015-04-17,00:00:00,1.85,2.1,1.85,1.95,46500
2015-04-20,00:00:00,1.9,1.9,1.75,1.85,48500
2015-04-21,00:00:00,2.05,2.05,1.85,1.85,19500
2015-04-22,00:00:00,1.85,1.85,1.8,1.8,6650
2015-04-23,00:00:00,1.85,1.85,1.8,1.8,12800
2015-04-24,00:00:00,1.8,1.85,1.7,1.75,24150
2015-04-27,00:00:00,1.8,1.8,1.75,1.75,100
2015-04-28,00:00:00,1.75,1.75,1.75,1.75,500
2015-04-29,00:00:00,1.75,1.75,1.7,1.7,1150
2015-04-30,00:00:00,1.7,1.7,1.7,1.7,5750
2015-05-04,00:00:00,1.75,1.95,1.75,1.9,181050
2015-05-05,00:00:00,1.9,2.2,1.9,2.1,92150
2015-05-06,00:00:00,2.15,2.15,1.85,2.0,126900
2015-05-07,00:00:00,1.95,1.95,1.85,1.9,4900
2015-05-08,00:00:00,1.9,2.05,1.9,1.95,6350
2015-05-11,00:00:00,1.95,2.05,1.95,2.0,6200
2015-05-12,00:00:00,2.0,2.05,1.9,1.95,211200
2015-05-13,00:00:00,1.95,2.0,1.85,1.85,15050
2015-05-14,00:00:00,1.9,1.95,1.8,1.95,3700
2015-05-15,00:00:00,1.9,1.95,1.85,1.85,7400
2015-05-18,00:00:00,1.9,2.0,1.7,1.95,220450
2015-05-19,00:00:00,1.95,2.05,1.85,1.85,68250
2015-05-20,00:00:00,1.9,1.9,1.9,1.9,5000
2015-05-21,00:00:00,1.9,1.95,1.8,1.8,138900
2015-05-22,00:00:00,1.85,1.9,1.75,1.75,21900
2015-05-25,00:00:00,1.85,1.9,1.85,1.85,29300
2015-05-26,00:00:00,1.85,1.9,1.85,1.85,81800
2015-05-27,00:00:00,1.9,1.9,1.85,1.85,1150
2015-05-28,00:00:00,1.9,1.9,1.75,1.75,5450
2015-05-29,00:00:00,1.8,2.0,1.8,1.95,37300
2015-06-01,00:00:00,1.95,2.0,1.85,1.9,3200
2015-06-02,00:00:00,1.9,1.9,1.85,1.85,400
2015-06-03,00:00:00,1.85,1.9,1.85,1.85,44650
2015-06-04,00:00:00,1.85,2.0,1.75,1.85,66450
2015-06-05,00:00:00,1.95,1.95,1.9,1.9,2450
2015-06-08,00:00:00,1.9,2.1,1.9,1.95,175450
2015-06-09,00:00:00,2.0,2.0,1.95,1.95,5100
2015-06-10,00:00:00,1.95,1.95,1.9,1.95,2650
2015-06-11,00:00:00,1.9,1.9,1.9,1.9,600
2015-06-12,00:00:00,1.85,1.85,1.8,1.85,10700
2015-06-15,00:00:00,1.85,1.85,1.85,1.85,50
2015-06-16,00:00:00,1.85,1.85,1.8,1.8,10000
2015-06-17,00:00:00,1.8,1.9,1.8,1.9,4000
2015-06-18,00:00:00,1.85,1.9,1.85,1.9,350
2015-06-19,00:00:00,1.9,1.9,1.9,1.9,15600
2015-06-24,00:00:00,1.9,1.95,1.8,1.9,19450
2015-06-25,00:00:00,1.9,1.95,1.9,1.9,5250
2015-06-26,00:00:00,1.85,1.95,1.8,1.9,18200
2015-06-29,00:00:00,1.85,1.9,1.8,1.9,27100
2015-06-30,00:00:00,1.9,1.9,1.85,1.9,6000
2015-07-01,00:00:00,1.85,1.95,1.85,1.95,800
2015-07-02,00:00:00,1.85,2.0,1.85,1.95,10350
2015-07-03,00:00:00,1.95,1.95,1.9,1.9,10200
2015-07-06,00:00:00,1.85,1.85,1.8,1.8,24100
2015-07-07,00:00:00,1.8,1.95,1.8,1.85,25850
2015-07-08,00:00:00,1.9,1.95,1.85,1.9,1700
2015-07-09,00:00:00,1.9,1.9,1.8,1.8,19750
2015-07-10,00:00:00,1.85,1.9,1.8,1.85,13450
2015-07-13,00:00:00,1.95,2.0,1.9,1.9,60350
2015-07-14,00:00:00,1.95,1.95,1.85,1.85,45500
2015-07-15,00:00:00,1.9,1.9,1.85,1.85,3050
2015-07-16,00:00:00,1.85,1.95,1.85,1.9,18900
2015-07-17,00:00:00,1.9,1.95,1.85,1.85,23750
2015-07-20,00:00:00,1.9,1.95,1.9,1.9,24050
2015-07-21,00:00:00,1.9,1.9,1.85,1.85,102350
2015-07-22,00:00:00,1.85,1.9,1.85,1.9,25600
2015-07-24,00:00:00,1.85,1.9,1.85,1.9,1250
2015-07-27,00:00:00,1.9,2.1,1.9,2.05,84800
2015-07-28,00:00:00,1.95,2.1,1.95,2.05,125250
2015-07-29,00:00:00,2.05,2.05,1.95,2.0,25550
2015-07-30,00:00:00,2.0,2.1,1.9,2.0,187900
2015-07-31,00:00:00,2.0,2.0,1.9,2.0,44600
2015-08-03,00:00:00,2.05,2.25,2.0,2.15,33950
2015-08-04,00:00:00,2.2,2.4,2.15,2.2,104950
2015-08-05,00:00:00,2.25,2.55,2.25,2.5,310800
2015-08-06,00:00:00,2.55,2.6,2.3,2.45,44550
2015-08-07,00:00:00,2.45,2.75,2.4,2.65,379700
2015-08-10,00:00:00,2.65,2.8,2.65,2.65,80550
2015-08-11,00:00:00,2.75,2.8,2.35,2.5,174050
2015-08-12,00:00:00,2.5,2.7,2.2,2.25,107300
2015-08-13,00:00:00,2.35,2.4,2.15,2.2,74150
2015-08-14,00:00:00,2.3,2.5,2.25,2.4,132400
2015-08-17,00:00:00,2.5,2.7,2.35,2.45,58850
2015-08-18,00:00:00,2.45,2.7,2.4,2.45,200350
2015-08-19,00:00:00,2.55,2.55,2.4,2.5,17850
2015-08-20,00:00:00,2.55,2.7,2.35,2.4,52350
2015-08-21,00:00:00,2.4,2.4,2.15,2.3,51050
2015-08-24,00:00:00,2.3,2.4,2.05,2.2,112400
2015-08-25,00:00:00,2.35,2.4,2.25,2.35,8750
2015-08-26,00:00:00,2.2,2.6,2.2,2.5,122350
2015-08-27,00:00:00,2.4,2.8,2.4,2.7,54750
2015-08-28,00:00:00,2.55,3.0,2.55,2.65,159650
2015-08-31,00:00:00,2.7,2.8,2.55,2.65,88600
2015-09-01,00:00:00,2.65,2.7,2.45,2.45,133850
2015-09-02,00:00:00,2.65,2.65,2.35,2.45,34200
2015-09-03,00:00:00,2.45,2.45,2.45,2.45,200
2015-09-04,00:00:00,2.4,2.5,2.3,2.3,27900
2015-09-07,00:00:00,2.4,2.5,2.3,2.4,500
2015-09-08,00:00:00,2.3,2.8,2.3,2.7,15500
2015-09-09,00:00:00,2.6,3.0,2.6,2.95,100300
2015-09-10,00:00:00,2.8,3.3,2.8,2.95,129800
2015-09-11,00:00:00,3.2,3.2,3.0,3.1,204650
2015-09-14,00:00:00,3.25,3.6,3.05,3.5,490300
2015-09-15,00:00:00,3.55,3.6,3.2,3.3,55400
2015-09-16,00:00:00,3.2,3.6,3.05,3.4,82750
2015-09-18,00:00:00,3.4,3.65,3.15,3.4,95450
2015-09-21,00:00:00,3.3,3.45,3.2,3.3,179050
2015-09-22,00:00:00,3.5,3.5,3.1,3.25,157600
2015-09-23,00:00:00,3.25,3.4,3.05,3.3,39450
2015-09-24,00:00:00,3.1,3.5,3.1,3.35,95050
2015-09-28,00:00:00,3.4,3.45,3.25,3.35,35100
2015-09-29,00:00:00,3.3,3.5,3.0,3.35,187450
2015-09-30,00:00:00,3.25,3.4,3.2,3.35,35400
2015-10-01,00:00:00,3.25,3.55,3.25,3.3,134500
2015-10-05,00:00:00,3.3,3.45,3.25,3.25,20800
2015-10-06,00:00:00,3.25,3.25,2.95,3.0,61850
2015-10-07,00:00:00,3.3,3.3,3.0,3.1,35050
2015-10-08,00:00:00,3.15,3.15,3.0,3.0,71650
2015-10-09,00:00:00,3.0,3.15,3.0,3.05,30250
2015-10-12,00:00:00,3.1,3.15,3.0,3.1,2350
2015-10-13,00:00:00,3.0,3.15,3.0,3.05,15000
2015-10-14,00:00:00,3.0,3.1,3.0,3.0,2300
2015-10-15,00:00:00,3.05,3.05,2.95,2.95,22750
2015-10-16,00:00:00,3.05,3.05,2.85,3.05,2900
2015-10-19,00:00:00,2.95,3.05,2.85,3.05,19500
2015-10-20,00:00:00,2.9,2.9,2.85,2.85,12500
2015-10-21,00:00:00,2.85,3.0,2.85,2.85,15150
2015-10-23,00:00:00,3.0,3.1,2.85,3.05,7100
2015-10-26,00:00:00,2.9,3.1,2.7,2.8,46250
2015-10-27,00:00:00,3.0,3.0,2.65,2.7,60250
2015-10-28,00:00:00,2.7,2.85,2.7,2.75,15250
2015-10-29,00:00:00,2.65,2.85,2.6,2.85,124300
2015-10-30,00:00:00,2.8,2.8,2.55,2.65,18350
2015-11-02,00:00:00,2.8,2.85,2.6,2.8,15950
2015-11-03,00:00:00,2.8,2.8,2.75,2.75,2600
2015-11-04,00:00:00,2.9,3.05,2.75,3.05,57650
2015-11-05,00:00:00,3.05,3.1,2.8,2.85,96150
2015-11-06,00:00:00,2.8,3.1,2.75,2.8,22700
2015-11-09,00:00:00,2.8,2.85,2.8,2.8,4500
2015-11-10,00:00:00,2.75,2.9,2.75,2.9,5100
2015-11-11,00:00:00,2.7,2.9,2.7,2.85,650
2015-11-13,00:00:00,2.7,3.0,2.7,3.0,350
2015-11-16,00:00:00,3.0,3.0,2.75,2.85,11800
2015-11-17,00:00:00,2.95,2.95,2.8,2.85,2300
2015-11-18,00:00:00,2.7,2.9,2.7,2.85,2250
2015-11-19,00:00:00,2.65,2.7,2.55,2.7,45550
2015-11-20,00:00:00,2.7,2.9,2.65,2.65,32200
2015-11-23,00:00:00,2.8,2.8,2.8,2.8,350
2015-11-24,00:00:00,2.85,2.9,2.7,2.9,85000
2015-11-26,00:00:00,2.8,2.8,2.75,2.8,15500
2015-11-27,00:00:00,2.8,2.8,2.7,2.7,12800
2015-11-30,00:00:00,2.95,2.95,2.6,2.65,20700
2015-12-01,00:00:00,2.65,2.75,2.65,2.75,2600
2015-12-02,00:00:00,3.0,3.0,2.65,2.7,21000
2015-12-03,00:00:00,2.75,2.85,2.65,2.7,32000
2015-12-04,00:00:00,2.85,2.85,2.85,2.85,100
2015-12-08,00:00:00,2.9,2.9,2.65,2.7,14350
2015-12-09,00:00:00,2.65,2.8,2.65,2.75,22250
2015-12-11,00:00:00,2.75,2.75,2.65,2.65,20850
2015-12-14,00:00:00,2.8,2.9,2.7,2.75,37000
2015-12-15,00:00:00,2.85,2.85,2.85,2.85,100
2015-12-16,00:00:00,2.75,2.85,2.75,2.75,7350
2015-12-17,00:00:00,2.8,2.8,2.7,2.8,21900
2015-12-18,00:00:00,2.75,2.75,2.75,2.75,250
2015-12-21,00:00:00,2.75,2.8,2.75,2.8,8650
2015-12-23,00:00:00,2.8,2.8,2.8,2.8,19400
2015-12-24,00:00:00,2.95,3.0,2.8,2.8,25200
2015-12-28,00:00:00,2.8,2.95,2.75,2.95,2300
2015-12-29,00:00:00,2.85,2.85,2.8,2.8,23450
2015-12-30,00:00:00,2.8,2.8,2.8,2.8,10000
2015-12-31,00:00:00,2.85,2.85,2.75,2.75,17550
2016-01-01,00:00:00,2.8,2.8,2.8,2.8,30100
2016-01-04,00:00:00,2.95,3.0,2.25,2.9,111150
2016-01-05,00:00:00,3.0,3.0,2.7,2.9,18450
2016-01-06,00:00:00,2.85,2.9,2.75,2.85,8150
2016-01-07,00:00:00,2.75,2.8,2.7,2.7,11350
2016-01-08,00:00:00,2.95,2.95,2.9,2.9,1850
2016-01-11,00:00:00,2.9,2.9,2.75,2.75,21000
2016-01-12,00:00:00,2.9,2.9,2.75,2.75,4000
2016-01-13,00:00:00,2.75,2.75,2.6,2.75,25900
2016-01-14,00:00:00,2.65,2.75,2.6,2.6,11000
2016-01-15,00:00:00,2.6,2.6,2.6,2.6,4400
2016-01-18,00:00:00,2.6,2.6,2.45,2.45,2150
2016-01-19,00:00:00,2.45,2.95,2.35,2.55,9650
2016-01-20,00:00:00,2.45,2.6,2.35,2.6,6900
2016-01-21,00:00:00,2.45,2.6,2.35,2.45,50300
2016-01-22,00:00:00,2.5,2.7,2.5,2.6,29150
2016-01-25,00:00:00,2.6,2.7,2.6,2.65,200
2016-01-27,00:00:00,2.55,2.65,2.45,2.5,10000
2016-01-28,00:00:00,2.7,2.7,2.6,2.6,200
2016-01-29,00:00:00,2.5,2.6,2.5,2.5,8000
2016-02-01,00:00:00,2.85,2.9,2.4,2.6,229100
2016-02-02,00:00:00,2.65,2.7,2.5,2.65,19200
2016-02-03,00:00:00,2.5,2.6,2.5,2.55,13250
2016-02-04,00:00:00,2.8,3.05,2.75,3.05,824000
2016-02-05,00:00:00,3.35,3.65,3.25,3.6,3748150
2016-02-08,00:00:00,3.6,3.6,3.2,3.25,458000
2016-02-09,00:00:00,3.05,3.25,3.0,3.15,222150
2016-02-10,00:00:00,3.1,3.3,3.0,3.15,34900
2016-02-11,00:00:00,3.25,3.3,2.9,2.95,53000
2016-02-12,00:00:00,2.8,3.05,2.7,2.9,51300
2016-02-15,00:00:00,3.0,3.0,2.85,2.85,21050
2016-02-16,00:00:00,3.0,3.0,2.85,2.9,16850
2016-02-17,00:00:00,2.6,2.8,2.6,2.7,36000
2016-02-18,00:00:00,2.8,2.8,2.8,2.8,13500
2016-02-19,00:00:00,2.7,2.9,2.7,2.9,11750
2016-02-22,00:00:00,2.95,3.1,2.75,3.1,15250
2016-02-23,00:00:00,3.0,3.25,2.9,3.25,79600
2016-02-24,00:00:00,3.05,3.2,3.0,3.05,112000
2016-02-25,00:00:00,3.05,3.15,2.9,3.0,7300
2016-02-26,00:00:00,3.0,3.1,2.95,3.0,9550
2016-02-29,00:00:00,3.0,3.1,2.95,2.95,650
2016-03-01,00:00:00,3.2,3.2,2.95,3.15,25000
2016-03-02,00:00:00,3.4,3.4,3.0,3.15,29350
2016-03-03,00:00:00,2.95,3.15,2.95,3.0,75200
2016-03-04,00:00:00,2.95,3.05,2.8,2.9,73550
2016-03-08,00:00:00,3.1,3.15,2.85,2.9,391750
2016-03-09,00:00:00,2.9,3.05,2.9,3.0,14450
2016-03-10,00:00:00,2.85,3.0,2.85,2.9,27500
2016-03-11,00:00:00,2.8,2.95,2.8,2.95,30500
2016-03-14,00:00:00,2.85,3.0,2.85,2.9,4000
2016-03-15,10:00:00,2.85,3.1,2.85,3.0,96150
2016-03-16,00:00:00,2.9,2.9,2.9,2.9,200
2016-03-17,00:00:00,2.95,3.0,2.85,2.9,128000
2016-03-18,00:00:00,2.8,3.0,2.8,2.9,4050
2016-03-21,00:00:00,2.9,2.9,2.85,2.85,15450
2016-03-22,00:00:00,2.85,3.0,2.85,2.85,3850
2016-03-23,00:00:00,2.85,2.85,2.65,2.7,43550
2016-03-28,00:00:00,2.7,2.95,2.7,2.8,18500
2016-03-29,00:00:00,3.0,3.0,2.7,2.7,9200
2016-03-30,00:00:00,2.9,2.9,2.75,2.9,10200
2016-03-31,00:00:00,2.75,2.95,2.75,2.95,2950
2016-04-01,00:00:00,3.5,3.5,2.75,2.9,2900
2016-04-04,00:00:00,3.45,3.45,2.9,2.95,27700
2016-04-05,00:00:00,2.95,3.1,2.85,3.0,4500
2016-04-06,00:00:00,2.95,3.05,2.9,3.0,6000
2016-04-07,00:00:00,2.9,3.0,2.9,3.0,1250
2016-04-08,00:00:00,2.9,3.0,2.9,3.0,7500
2016-04-11,00:00:00,3.0,3.05,2.9,2.9,18800
2016-04-12,00:00:00,3.0,3.0,3.0,3.0,50
2016-04-13,00:00:00,3.0,3.0,2.95,3.0,39100
2016-04-18,00:00:00,3.05,3.05,3.05,3.05,100
2016-04-20,00:00:00,3.0,3.0,2.9,2.95,60450
2016-04-21,00:00:00,3.0,3.0,2.9,2.9,1000
2016-04-22,00:00:00,2.9,3.2,2.85,2.95,103750
2016-04-25,00:00:00,3.0,3.1,3.0,3.1,24000
2016-04-26,00:00:00,3.1,3.1,2.95,3.0,51550
2016-04-27,00:00:00,3.0,3.2,2.95,3.05,6900
2016-04-28,00:00:00,3.1,3.1,2.9,2.95,53500
2016-05-02,00:00:00,3.0,3.0,2.9,2.9,8700
2016-05-03,00:00:00,2.85,3.0,2.85,2.95,11550
2016-05-04,00:00:00,2.9,3.05,2.85,3.0,12300
2016-05-05,00:00:00,2.9,3.0,2.75,2.85,46200
2016-05-06,00:00:00,2.9,3.05,2.9,3.05,8400
2016-05-09,00:00:00,2.9,3.1,2.85,2.9,280900
2016-05-10,00:00:00,2.85,3.05,2.85,2.95,49500
2016-05-11,00:00:00,2.9,3.0,2.9,3.0,16250
2016-05-12,00:00:00,3.1,3.1,2.9,3.05,42450
2016-05-13,00:00:00,3.1,3.1,3.1,3.1,4500
2016-05-16,00:00:00,2.95,3.05,2.9,2.9,23400
2016-05-17,00:00:00,3.1,3.15,3.0,3.0,92050
2016-05-18,00:00:00,3.15,3.15,3.0,3.15,15550
2016-05-19,00:00:00,3.15,3.15,3.0,3.0,8000
2016-05-20,00:00:00,2.9,3.1,2.9,3.0,37850
2016-05-23,00:00:00,3.0,3.0,3.0,3.0,10000
2016-05-24,00:00:00,3.0,3.0,2.85,2.95,37400
2016-05-25,00:00:00,3.0,3.0,2.9,2.95,4450
2016-05-26,00:00:00,2.9,3.1,2.75,3.0,2383450
2016-05-27,00:00:00,2.95,2.95,2.85,2.9,62400
2016-05-30,00:00:00,2.9,2.95,2.9,2.95,5100
2016-05-31,00:00:00,2.95,3.15,2.85,3.15,99250
2016-06-01,00:00:00,3.3,3.3,2.95,3.05,54600
2016-06-02,00:00:00,3.3,3.3,2.95,3.1,34500
2016-06-03,00:00:00,3.2,3.2,3.15,3.15,9600
2016-06-06,10:00:00,3.25,3.25,3.0,3.2,6500
2016-06-07,00:00:00,3.5,3.5,3.05,3.1,13350
2016-06-08,00:00:00,3.2,3.2,3.1,3.1,12500
2016-06-09,00:00:00,3.25,3.25,2.95,3.0,4400
2016-06-10,00:00:00,2.9,3.1,2.9,2.95,500
2016-06-13,00:00:00,2.95,3.15,2.9,3.1,22900
2016-06-14,00:00:00,3.0,3.0,2.95,3.0,26650
2016-06-15,00:00:00,3.05,3.05,2.95,3.0,39600
2016-06-16,00:00:00,3.0,3.05,2.9,3.05,2750
2016-06-17,00:00:00,3.25,3.25,2.95,3.1,13600
2016-06-20,00:00:00,3.2,3.2,2.95,2.95,36050
2016-06-21,00:00:00,3.05,3.05,2.9,3.0,350
2016-06-22,00:00:00,3.2,3.2,2.9,2.95,9200
2016-06-23,00:00:00,3.2,3.2,2.9,2.9,23800
2016-06-24,00:00:00,3.05,3.05,2.65,2.9,18200
2016-06-27,00:00:00,2.8,3.3,2.8,3.1,139950
2016-06-28,00:00:00,3.25,3.25,3.1,3.15,27150
2016-06-29,00:00:00,3.25,3.25,3.1,3.2,15450
2016-06-30,00:00:00,3.2,3.3,3.2,3.25,57400
2016-07-01,00:00:00,3.3,3.3,3.1,3.3,34650
2016-07-04,00:00:00,3.3,3.3,3.2,3.25,9750
2016-07-05,00:00:00,3.1,3.45,3.1,3.25,109400
2016-07-07,00:00:00,3.2,3.2,3.15,3.2,6500
2016-07-08,00:00:00,3.1,3.25,3.1,3.2,29600
2016-07-11,00:00:00,3.25,3.25,3.15,3.15,156050
2016-07-12,00:00:00,3.2,3.2,3.15,3.15,250
2016-07-13,00:00:00,3.1,3.3,3.1,3.25,12600
2016-07-14,00:00:00,3.3,3.3,3.25,3.25,150
2016-07-15,00:00:00,3.2,3.25,3.1,3.15,15500
2016-07-18,00:00:00,3.25,3.25,3.1,3.1,10200
2016-07-19,00:00:00,3.1,3.1,3.1,3.1,2500
2016-07-20,11:00:00,3.15,3.15,3.05,3.05,6400
2016-07-21,00:00:00,3.05,3.05,3.05,3.05,16550
2016-07-22,00:00:00,3.05,3.05,3.05,3.05,4250
2016-07-25,00:00:00,3.1,3.15,2.95,3.15,6500
2016-07-26,00:00:00,3.15,3.15,3.05,3.05,8400
2016-07-27,00:00:00,3.2,3.2,2.95,3.05,72100
2016-07-28,00:00:00,3.1,3.15,2.9,3.05,24150
2016-07-29,00:00:00,3.25,3.25,2.95,3.1,43050
2016-08-01,00:00:00,3.1,3.1,3.1,3.1,2500
2016-08-02,00:00:00,3.25,3.25,2.9,3.0,38450
2016-08-03,00:00:00,3.1,3.1,2.9,3.05,13150
2016-08-04,00:00:00,3.2,3.2,2.95,3.1,16800
2016-08-05,00:00:00,2.95,3.15,2.95,3.0,71550
2016-08-08,00:00:00,3.1,3.25,3.0,3.05,37700
2016-08-09,00:00:00,3.15,3.15,3.0,3.05,28850
2016-08-10,00:00:00,3.2,3.2,2.95,3.1,14950
2016-08-11,00:00:00,3.2,3.7,3.0,3.15,68400
2016-08-12,00:00:00,3.3,3.3,3.05,3.05,111650
2016-08-16,00:00:00,3.1,3.1,2.85,2.95,215150
2016-08-17,00:00:00,2.85,3.05,2.75,2.9,27050
2016-08-18,00:00:00,2.95,2.95,2.95,2.95,2500
2016-08-19,00:00:00,2.95,3.05,2.95,3.0,11550
2016-08-22,00:00:00,3.3,3.3,2.95,3.0,126300
2016-08-23,00:00:00,3.1,3.1,2.95,3.05,9200
2016-08-24,00:00:00,3.0,3.1,2.95,3.05,33050
2016-08-25,00:00:00,3.1,3.1,3.1,3.1,52850
2016-08-26,00:00:00,3.15,3.2,3.05,3.15,8950
2016-08-29,00:00:00,3.3,3.3,3.05,3.25,91950
2016-08-30,00:00:00,3.1,3.2,3.05,3.2,2250
2016-08-31,00:00:00,3.1,3.45,3.1,3.3,115300
2016-09-01,00:00:00,3.4,3.4,3.2,3.25,52300
2016-09-02,00:00:00,3.25,3.35,3.1,3.2,29250
2016-09-06,00:00:00,3.3,3.3,3.15,3.15,28000
2016-09-07,00:00:00,3.05,3.5,3.05,3.3,52950
2016-09-08,00:00:00,3.45,3.45,3.2,3.3,19700
2016-09-09,00:00:00,3.25,3.45,3.25,3.25,10250
2016-09-12,00:00:00,3.15,3.5,3.1,3.3,12900
2016-09-14,00:00:00,3.25,3.35,3.2,3.25,28700
2016-09-15,00:00:00,3.25,3.25,3.2,3.2,14650
2016-09-16,00:00:00,3.2,3.45,3.2,3.4,183500
2016-09-19,00:00:00,3.3,3.35,3.25,3.35,4150
2016-09-20,00:00:00,3.25,3.35,3.2,3.35,40200
2016-09-21,00:00:00,3.35,3.35,3.35,3.35,3750
2016-09-22,00:00:00,3.55,3.65,3.25,3.6,203050
2016-09-23,00:00:00,3.45,3.5,3.4,3.45,18400
2016-09-26,00:00:00,3.5,3.7,3.5,3.55,31600
2016-09-27,00:00:00,3.65,3.65,3.45,3.45,4450
2016-09-28,00:00:00,3.65,3.65,3.4,3.5,25200
2016-09-29,00:00:00,3.4,3.45,3.4,3.45,500
2016-09-30,00:00:00,3.45,3.5,3.35,3.45,4200
2016-10-03,00:00:00,3.5,3.6,3.35,3.55,18800
2016-10-04,00:00:00,3.6,3.6,3.3,3.45,34750
2016-10-05,00:00:00,3.4,3.5,3.35,3.4,35850
2016-10-06,00:00:00,3.4,3.5,3.35,3.35,19850
2016-10-07,00:00:00,3.5,3.5,3.3,3.3,30050
2016-10-10,00:00:00,3.3,3.4,3.3,3.3,28500
2016-10-13,00:00:00,3.4,3.4,3.1,3.15,180400
2016-10-14,00:00:00,3.25,3.3,3.15,3.25,28600
2016-10-17,00:00:00,3.4,3.5,3.4,3.5,211700
2016-10-18,00:00:00,3.6,3.65,3.55,3.65,165600
2016-10-19,00:00:00,3.85,3.85,3.55,3.65,58600
2016-10-20,00:00:00,3.55,3.75,3.55,3.7,127850
2016-10-21,00:00:00,3.7,4.0,3.7,3.8,114350
2016-10-24,00:00:00,3.8,3.85,3.5,3.65,103700
2016-10-25,00:00:00,3.75,3.75,3.35,3.6,63750
2016-10-26,00:00:00,3.6,3.6,3.6,3.6,13100
2016-10-27,00:00:00,3.65,3.7,3.45,3.5,72400
2016-10-28,00:00:00,3.5,3.65,3.5,3.65,63250
2016-11-01,00:00:00,3.7,3.8,3.7,3.75,61400
2016-11-02,00:00:00,3.6,3.8,3.45,3.75,17800
2016-11-03,00:00:00,3.8,3.8,3.55,3.55,19100
2016-11-04,00:00:00,3.45,3.55,3.45,3.5,27850
2016-11-07,00:00:00,3.5,3.85,3.2,3.85,98100
2016-11-08,00:00:00,3.7,3.75,3.5,3.65,33450
2016-11-09,00:00:00,3.45,3.7,3.4,3.65,63450
2016-11-10,00:00:00,3.9,3.9,3.6,3.65,26700
2016-11-11,00:00:00,3.75,3.9,3.7,3.7,57150
2016-11-15,00:00:00,3.9,3.9,3.5,3.5,10550
2016-11-16,00:00:00,3.6,3.75,3.6,3.75,17950
2016-11-17,00:00:00,3.55,3.55,3.5,3.5,24550
2016-11-18,00:00:00,3.4,3.7,3.3,3.7,34500
2016-11-21,00:00:00,3.55,3.55,3.45,3.5,5400
2016-11-22,00:00:00,3.75,3.75,3.6,3.7,12150
2016-11-23,00:00:00,3.85,3.85,3.55,3.6,5150
2016-11-24,00:00:00,3.75,3.8,3.75,3.8,5000
2016-11-25,00:00:00,3.7,3.7,3.65,3.65,36550
2016-11-28,00:00:00,3.65,3.9,3.6,3.65,37950
2016-11-29,00:00:00,3.8,3.85,3.7,3.7,50850
2016-11-30,00:00:00,3.65,3.8,3.65,3.7,60000
2016-12-01,00:00:00,3.7,3.75,3.65,3.75,6000
2016-12-02,00:00:00,3.65,3.65,3.65,3.65,1500
2016-12-05,00:00:00,3.85,3.9,3.65,3.8,20100
2016-12-06,00:00:00,3.65,3.9,3.65,3.9,6700
2016-12-07,00:00:00,3.7,3.85,3.55,3.75,59550
2016-12-08,00:00:00,3.8,3.8,3.8,3.8,2500
2016-12-09,00:00:00,3.7,3.9,3.7,3.7,48500
2016-12-12,00:00:00,3.8,3.9,3.7,3.8,10850
2016-12-13,00:00:00,3.7,3.85,3.7,3.7,47550
2016-12-15,00:00:00,3.7,3.8,3.7,3.75,8150
2016-12-16,00:00:00,3.75,3.75,3.6,3.75,31100
2016-12-19,00:00:00,3.75,3.75,3.75,3.75,10000
2016-12-20,00:00:00,3.65,3.75,3.6,3.75,16100
2016-12-21,00:00:00,3.8,3.8,3.45,3.5,167150
2016-12-22,00:00:00,3.55,3.55,3.45,3.45,30700
2016-12-23,00:00:00,3.4,3.6,3.4,3.5,39850
2016-12-26,00:00:00,3.5,3.5,3.5,3.5,1500
2016-12-27,00:00:00,3.4,3.65,3.25,3.45,11800
2016-12-28,00:00:00,3.45,3.6,3.3,3.4,38400
2016-12-29,00:00:00,3.25,3.55,3.25,3.45,6400
2016-12-30,00:00:00,3.7,3.8,3.45,3.5,41000
2017-01-02,00:00:00,3.5,3.6,3.5,3.6,10200
2017-01-03,00:00:00,3.6,3.6,3.4,3.45,21400
2017-01-04,00:00:00,3.35,3.65,3.35,3.4,75500
2017-01-05,00:00:00,3.55,3.55,3.5,3.5,11250
2017-01-06,00:00:00,3.4,3.65,3.4,3.6,40350
2017-01-09,00:00:00,3.7,3.7,3.7,3.7,8950
2017-01-10,00:00:00,3.7,3.7,3.55,3.65,6050
2017-01-11,00:00:00,3.7,3.7,3.55,3.55,11000
2017-01-12,00:00:00,3.7,3.7,3.55,3.6,23850
2017-01-13,00:00:00,3.55,3.65,3.55,3.55,57550
2017-01-16,00:00:00,3.55,3.9,3.55,3.65,39200
2017-01-17,00:00:00,3.8,3.8,3.55,3.65,24850
2017-01-19,00:00:00,3.6,3.75,3.55,3.7,32100
2017-01-20,00:00:00,3.75,3.85,3.7,3.75,17750
2017-01-23,00:00:00,3.85,3.95,3.65,3.85,75600
2017-01-24,00:00:00,3.8,3.95,3.8,3.85,102350
2017-01-25,00:00:00,3.95,4.1,3.95,4.0,159750
2017-01-27,00:00:00,3.95,4.1,3.9,3.95,16200
2017-01-30,00:00:00,3.95,4.2,3.95,4.0,35350
2017-01-31,00:00:00,4.1,4.1,3.9,4.0,13150
2017-02-01,00:00:00,3.95,4.1,3.95,4.1,31050
2017-02-02,00:00:00,4.2,4.2,3.95,4.0,25950
2017-02-03,00:00:00,4.0,4.15,3.9,4.0,59350
2017-02-06,00:00:00,4.1,4.15,4.0,4.15,154400
2017-02-07,00:00:00,4.2,4.25,4.1,4.2,55200
2017-02-08,00:00:00,4.2,4.25,4.15,4.15,46500
2017-02-09,00:00:00,4.1,4.15,4.1,4.15,1800
2017-02-10,00:00:00,4.15,4.15,4.1,4.1,1650
2017-02-13,00:00:00,4.0,4.05,3.9,3.95,71600
2017-02-14,00:00:00,4.0,4.0,3.65,3.7,139450
2017-02-15,00:00:00,3.75,3.75,3.4,3.45,117600
2017-02-16,00:00:00,3.45,3.7,3.45,3.6,40650
2017-02-17,00:00:00,3.6,3.7,3.6,3.7,17950
2017-02-20,00:00:00,3.6,3.85,3.55,3.65,26400
2017-02-21,00:00:00,3.85,4.4,3.7,4.4,2681600
2017-02-22,00:00:00,4.7,5.3,4.65,5.3,11045600
2017-02-23,00:00:00,5.4,5.5,5.1,5.45,7292250
2017-02-27,00:00:00,5.3,5.95,5.3,5.95,4709100
2017-02-28,00:00:00,6.5,6.55,6.2,6.55,1037150
2017-03-01,00:00:00,6.9,7.2,6.7,7.1,10656700
2017-03-02,00:00:00,7.1,7.4,6.8,6.95,3867650
2017-03-03,00:00:00,6.85,6.9,6.6,6.6,1291700
2017-03-06,00:00:00,6.6,6.6,6.25,6.25,814750
2017-03-07,00:00:00,6.0,6.3,5.95,6.05,1921200
2017-03-08,00:00:00,6.0,6.2,5.85,5.95,629750
2017-03-09,00:00:00,5.85,6.0,5.7,5.8,688150
2017-03-10,00:00:00,5.8,6.0,5.55,5.6,285400
2017-03-14,00:00:00,5.7,5.75,5.45,5.55,298800
2017-03-15,00:00:00,5.55,5.55,5.25,5.3,251600
2017-03-16,00:00:00,5.25,5.6,5.25,5.6,281050
2017-03-17,00:00:00,5.85,5.85,5.75,5.85,668150
2017-03-20,00:00:00,6.0,6.0,5.55,5.6,582250
2017-03-21,00:00:00,5.65,5.65,5.35,5.45,194350
2017-03-22,00:00:00,5.25,5.45,5.2,5.25,326150
2017-03-23,00:00:00,5.25,5.4,5.05,5.25,87200
2017-03-24,00:00:00,5.3,5.5,5.2,5.25,141450
2017-03-27,00:00:00,5.25,5.5,5.25,5.35,206050
2017-03-28,00:00:00,5.2,5.45,5.15,5.2,117850
2017-03-29,00:00:00,5.2,5.2,4.95,5.05,269750
2017-03-30,00:00:00,5.15,5.2,4.9,5.0,28802250
2017-03-31,00:00:00,5.0,5.25,5.0,5.2,23725000
2017-04-03,00:00:00,5.3,5.45,4.95,5.45,625900
2017-04-05,00:00:00,5.5,5.7,5.5,5.7,230900
2017-04-06,00:00:00,5.85,6.0,5.8,6.0,438050
2017-04-07,00:00:00,6.3,6.3,6.2,6.3,537850
2017-04-10,00:00:00,6.55,7.55,6.55,7.55,2531150
2017-04-11,00:00:00,8.25,9.1,8.25,9.1,10775850
2017-04-12,00:00:00,9.5,9.75,8.75,8.95,12146500
2017-04-13,00:00:00,9.0,9.05,8.3,8.5,2127500
2017-04-17,00:00:00,8.55,8.8,8.1,8.25,840550
2017-04-18,00:00:00,8.15,8.4,7.5,7.6,818350
2017-04-19,00:00:00,7.7,7.8,7.2,7.25,702400
2017-04-20,00:00:00,7.25,8.0,7.1,8.0,759550
2017-04-21,00:00:00,8.7,8.75,8.05,8.2,1940650
2017-04-24,00:00:00,8.3,8.7,8.1,8.25,511850
2017-04-25,00:00:00,8.4,8.4,7.8,7.95,365700
2017-04-26,00:00:00,8.15,8.45,7.7,8.1,990050
2017-04-27,00:00:00,8.2,8.4,8.0,8.25,501750
2017-04-28,00:00:00,8.05,8.25,8.05,8.1,169200
2017-05-02,00:00:00,8.1,8.3,7.9,7.95,102500
2017-05-03,00:00:00,7.95,7.95,7.7,7.75,138500
2017-05-04,00:00:00,7.65,8.5,7.65,8.5,1280500
2017-05-05,00:00:00,8.7,9.2,8.25,8.5,2921100
2017-05-08,00:00:00,8.45,8.75,8.25,8.4,330750
2017-05-09,00:00:00,8.3,8.5,8.1,8.25,106150
2017-05-10,00:00:00,8.3,8.8,8.15,8.45,508850
2017-05-11,00:00:00,8.45,8.45,8.2,8.25,130350
2017-05-12,00:00:00,8.25,8.6,8.0,8.15,175750
2017-05-15,00:00:00,8.1,8.3,8.05,8.1,100750
2017-05-16,00:00:00,8.1,8.9,8.1,8.9,1763000
2017-05-17,00:00:00,9.15,9.15,8.3,8.35,1285450
2017-05-18,00:00:00,8.3,8.4,7.7,7.85,436450
2017-05-19,00:00:00,8.0,8.5,7.95,8.05,735800
2017-05-22,00:00:00,8.25,8.25,7.85,8.0,174500
2017-05-23,00:00:00,7.85,7.85,7.2,7.7,767200
2017-05-24,00:00:00,7.85,8.15,7.7,7.8,193600
2017-05-25,00:00:00,7.8,8.0,7.7,7.8,108100
2017-05-26,00:00:00,7.95,8.3,7.75,8.05,259350
2017-05-29,00:00:00,8.15,8.15,7.8,7.95,109250
2017-05-30,00:00:00,8.2,8.2,7.8,8.0,91100
2017-05-31,00:00:00,8.0,8.5,7.9,8.2,234300
2017-06-01,00:00:00,8.25,8.5,8.1,8.4,1178150
2017-06-02,00:00:00,8.4,8.5,8.1,8.25,807800
2017-06-05,00:00:00,8.35,8.35,8.05,8.15,691900
2017-06-06,00:00:00,8.05,8.3,7.9,8.0,533250
2017-06-07,00:00:00,8.1,8.65,8.0,8.2,1463900
2017-06-08,00:00:00,8.25,9.3,8.2,8.8,2410150
2017-06-09,00:00:00,8.8,8.9,8.35,8.45,933850
2017-06-12,00:00:00,8.55,8.7,8.4,8.55,784150
2017-06-13,00:00:00,8.5,9.3,8.45,8.9,1658400
2017-06-14,00:00:00,9.0,10.65,8.9,10.65,10583350
2017-06-15,00:00:00,11.65,12.8,11.3,12.65,28809700
2017-06-16,00:00:00,12.9,13.05,11.85,12.15,15321950
2017-06-19,00:00:00,12.05,12.05,11.2,11.55,4748050
2017-06-20,00:00:00,11.6,12.7,11.35,12.0,6345300
2017-06-21,00:00:00,11.95,12.7,11.65,12.55,5535950
2017-06-22,00:00:00,12.6,13.3,12.1,12.25,5069600
2017-06-23,00:00:00,12.4,12.5,12.0,12.1,1522000
2017-06-27,00:00:00,12.1,12.25,11.5,11.8,1646900
2017-06-28,00:00:00,11.8,12.3,11.8,12.05,2586700
2017-06-29,00:00:00,12.2,12.5,12.0,12.1,1693700
2017-06-30,00:00:00,12.2,12.35,11.7,12.15,1510450
2017-07-03,00:00:00,12.15,13.35,11.8,12.7,9099250
2017-07-04,00:00:00,12.7,13.3,12.55,12.85,3758850
2017-07-05,00:00:00,13.0,13.3,12.8,13.05,2859000
2017-07-06,00:00:00,13.1,13.8,13.05,13.15,2531800
2017-07-07,00:00:00,13.2,13.7,13.1,13.2,1696650
2017-07-10,00:00:00,13.35,13.35,12.2,13.1,300650
2017-07-11,00:00:00,13.3,13.35,12.7,12.85,1077700
2017-07-12,00:00:00,13.1,13.35,12.85,12.9,1928800
2017-07-13,00:00:00,12.95,13.15,12.55,12.7,1243850
2017-07-14,00:00:00,12.8,13.7,12.5,13.3,4315600
2017-07-17,00:00:00,13.3,13.65,12.8,13.45,2115600
2017-07-18,00:00:00,13.3,14.3,12.95,13.05,5469200
2017-07-19,00:00:00,13.15,14.35,13.15,13.65,8547850
2017-07-20,00:00:00,13.6,13.7,13.35,13.45,1389700
2017-07-21,00:00:00,13.5,13.65,13.1,13.15,852250
2017-07-24,00:00:00,13.3,13.65,12.9,13.4,1313950
2017-07-25,00:00:00,13.3,13.65,13.15,13.55,738450
2017-07-26,00:00:00,13.6,13.8,13.4,13.65,1064900
2017-07-27,00:00:00,13.6,14.15,13.3,13.8,4636700
2017-07-28,00:00:00,14.15,14.5,13.6,14.35,4410350
2017-07-31,00:00:00,14.5,15.1,14.3,14.9,6617250
2017-08-01,00:00:00,15.0,16.35,15.0,16.0,9603950
2017-08-02,00:00:00,16.1,16.4,15.7,16.15,5484500
2017-08-03,00:00:00,16.15,16.7,15.8,16.0,8363450
2017-08-04,00:00:00,15.95,16.3,15.95,16.1,4013300
2017-08-07,00:00:00,16.2,16.85,16.15,16.7,7600750
2017-08-08,00:00:00,16.75,16.95,16.25,16.45,5739500
2017-08-09,00:00:00,16.3,16.7,16.3,16.35,4777500
2017-08-10,00:00:00,16.35,16.6,16.05,16.25,2473700
2017-08-11,00:00:00,16.0,16.2,15.7,15.75,3177600
2017-08-14,00:00:00,16.2,16.2,15.75,15.95,3160600
2017-08-16,00:00:00,16.1,16.25,15.95,16.05,2344200
2017-08-17,00:00:00,16.2,16.25,16.0,16.1,3200550
2017-08-18,00:00:00,16.25,16.75,16.0,16.55,4494900
2017-08-21,00:00:00,16.7,17.15,16.3,16.55,6366900
2017-08-22,00:00:00,16.55,17.35,16.55,16.8,7074500
2017-08-23,00:00:00,17.0,18.15,16.5,17.75,13900400
2017-08-24,00:00:00,17.7,17.85,16.85,17.0,10976250
2017-08-28,00:00:00,17.15,17.5,16.8,17.3,7314250
2017-08-29,00:00:00,17.4,17.5,17.05,17.2,3534350
2017-08-30,00:00:00,17.5,17.7,17.25,17.55,4464450
2017-08-31,00:00:00,17.6,18.05,17.0,17.8,5323700
2017-09-01,00:00:00,17.95,18.6,17.3,18.4,10422100
2017-09-04,00:00:00,18.45,18.6,17.85,18.15,5992550
2017-09-05,00:00:00,18.25,18.4,17.95,18.25,2622700
2017-09-06,00:00:00,18.25,18.35,17.9,18.2,3616150
2017-09-07,00:00:00,18.4,18.5,17.95,18.25,5330000
2017-09-08,00:00:00,18.4,18.9,18.0,18.55,7532700
2017-09-11,00:00:00,18.6,19.1,18.25,19.0,6950150
2017-09-12,00:00:00,19.15,19.3,18.75,19.2,5216500
2017-09-13,00:00:00,19.2,19.8,18.95,19.25,7035600
2017-09-14,00:00:00,19.35,19.4,18.8,19.3,9787750
2017-09-15,00:00:00,19.1,20.05,19.0,19.55,12226350
2017-09-18,00:00:00,19.75,20.1,19.6,19.95,5023800
2017-09-19,00:00:00,20.1,20.15,19.0,19.05,5619550
2017-09-20,00:00:00,19.05,19.5,18.8,19.4,4983050
2017-09-21,00:00:00,19.3,19.7,19.2,19.55,5242150
2017-09-22,00:00:00,19.5,19.6,19.0,19.1,3093800
2017-09-25,00:00:00,19.3,19.3,17.9,18.1,1785650
2017-09-26,00:00:00,17.75,18.15,17.2,17.75,3854150
2017-09-27,00:00:00,17.8,18.05,16.15,16.3,2359600
2017-09-28,00:00:00,16.7,18.2,16.1,17.55,9726250
2017-09-29,00:00:00,17.5,18.1,17.25,17.85,4872300
2017-10-03,00:00:00,18.0,19.0,17.9,18.7,6130700
2017-10-04,00:00:00,18.7,19.05,18.55,18.85,3629050
2017-10-05,00:00:00,18.9,19.25,18.8,18.9,3285250
2017-10-06,00:00:00,19.05,19.55,19.0,19.5,4587500
2017-10-09,00:00:00,19.65,21.1,19.65,20.8,10325600
2017-10-10,00:00:00,20.8,22.95,20.8,22.5,15475500
2017-10-11,00:00:00,22.75,24.25,22.65,22.95,10299100
2017-10-12,00:00:00,23.1,24.65,22.95,24.15,11009500
2017-10-13,00:00:00,24.35,24.75,23.9,24.3,6109150
2017-10-16,00:00:00,24.55,24.8,23.9,24.2,5713300
2017-10-17,00:00:00,24.2,24.45,23.95,24.2,4168450
2017-10-18,00:00:00,23.7,24.35,23.7,24.1,4070100
2017-10-23,00:00:00,24.45,25.0,24.1,24.45,4217200
2017-10-24,00:00:00,24.5,24.65,24.3,24.4,3364200
2017-10-25,00:00:00,24.7,25.4,24.55,25.25,3977450
2017-10-26,00:00:00,25.3,25.4,24.6,25.0,2796250
2017-10-27,00:00:00,25.1,25.1,24.1,24.75,4163650
2017-10-30,00:00:00,24.55,25.65,24.5,25.35,3755900
2017-10-31,00:00:00,25.85,25.85,24.95,25.05,2646700
2017-11-01,00:00:00,25.6,25.6,24.8,24.95,3707400
2017-11-02,00:00:00,25.0,25.2,24.2,24.65,3071050
2017-11-03,00:00:00,24.7,24.85,23.55,24.15,3037700
2017-11-06,00:00:00,24.2,24.75,23.6,24.15,3267850
2017-11-07,00:00:00,24.6,24.9,23.7,24.0,2897400
2017-11-08,00:00:00,24.1,24.4,23.3,23.5,2760550
2017-11-09,00:00:00,23.8,24.05,21.5,23.0,5718650
2017-11-10,00:00:00,22.9,23.6,22.9,23.25,5469300
2017-11-13,00:00:00,23.85,23.85,21.7,22.45,3192900
2017-11-14,00:00:00,22.4,22.6,21.8,22.1,2762950
2017-11-15,00:00:00,22.1,22.8,22.0,22.25,3528200
2017-11-16,00:00:00,22.25,22.65,22.05,22.55,3219300
2017-11-17,00:00:00,23.15,23.15,22.3,22.5,2785850
2017-11-20,00:00:00,22.6,22.9,22.4,22.8,2665350
2017-11-21,00:00:00,22.8,23.05,22.1,22.35,2783900
2017-11-22,00:00:00,22.5,22.75,22.3,22.4,2520300
2017-11-23,00:00:00,22.6,22.6,22.2,22.25,2348750
2017-11-24,00:00:00,22.3,23.7,22.2,23.1,3807600
2017-11-27,00:00:00,23.4,23.4,22.7,23.2,2920100
2017-11-28,00:00:00,23.2,23.7,22.9,23.25,1644450
2017-11-29,00:00:00,23.25,23.6,23.2,23.3,3126550
2017-11-30,00:00:00,23.35,23.8,23.05,23.5,3316700
2017-12-01,00:00:00,23.8,23.8,23.1,23.3,2959750
2017-12-04,00:00:00,23.2,23.5,23.1,23.4,2974150
2017-12-05,00:00:00,23.55,24.0,23.15,23.35,2685400
2017-12-06,00:00:00,23.4,23.9,23.2,23.25,2725900
2017-12-07,00:00:00,23.4,23.9,23.3,23.85,2963450
2017-12-08,00:00:00,24.4,24.4,23.4,23.7,2893350
2017-12-11,00:00:00,23.7,24.5,23.6,24.15,2757900
2017-12-12,00:00:00,24.5,24.5,23.75,24.15,3038750
2017-12-13,00:00:00,26.0,26.0,24.3,25.0,3113150
2017-12-14,00:00:00,25.0,25.4,24.05,24.8,2943350
2017-12-15,00:00:00,24.8,25.1,24.7,24.9,2779050
2017-12-18,00:00:00,25.3,25.3,24.6,24.85,9892350
2017-12-19,00:00:00,25.3,25.3,24.3,24.6,4624950
2017-12-20,00:00:00,24.5,24.8,22.5,23.2,5233150
2017-12-21,00:00:00,23.1,23.6,22.85,23.0,5821850
2017-12-22,00:00:00,23.0,23.15,22.95,23.1,2909800
2017-12-26,00:00:00,23.45,25.2,22.5,22.95,2727150
2017-12-27,00:00:00,23.3,23.95,23.05,23.25,2405250
2017-12-28,00:00:00,23.65,23.75,22.85,23.15,2156625
2017-12-29,00:00:00,23.55,23.6,23.0,23.15,2760625
2018-01-01,00:00:00,23.45,23.5,22.9,23.3,1878325
2018-01-02,00:00:00,23.3,24.0,22.95,23.45,2142850
2018-01-03,00:00:00,23.45,23.6,23.15,23.25,1868375
2018-01-04,00:00:00,23.15,23.8,23.15,23.5,1981675
2018-01-05,00:00:00,23.85,24.0,23.2,23.45,1921175
2018-01-08,00:00:00,23.9,24.4,23.5,23.95,2403125
2018-01-09,00:00:00,24.35,24.35,23.7,23.9,2072800
2018-01-10,00:00:00,24.25,24.25,23.0,23.05,2156800
2018-01-11,00:00:00,23.4,24.1,23.0,23.4,2628275
2018-01-12,00:00:00,23.35,23.95,23.15,23.35,2827725
2018-01-15,00:00:00,23.0,23.55,23.0,23.25,2134600
2018-01-16,00:00:00,23.3,23.6,23.0,23.3,2962025
2018-01-17,00:00:00,23.35,24.8,23.2,24.55,4157075
2018-01-18,00:00:00,24.7,24.9,24.2,24.8,2590100
2018-01-19,00:00:00,24.9,25.25,24.3,24.9,2269300
2018-01-22,00:00:00,25.8,26.45,24.85,25.55,2534075
2018-01-23,00:00:00,25.75,26.55,25.7,26.5,3325375
2018-01-24,00:00:00,26.6,27.35,26.1,26.75,2952950
2018-01-25,00:00:00,26.95,27.0,26.05,26.25,1906500
2018-01-29,00:00:00,26.05,27.4,26.05,26.55,2732875
2018-01-30,00:00:00,26.3,26.7,26.15,26.3,2883575
2018-01-31,00:00:00,26.2,26.95,25.95,26.5,2140925
2018-02-01,00:00:00,26.9,27.4,24.4,26.3,2441550
2018-02-02,00:00:00,25.8,26.2,24.65,25.1,2525900
2018-02-05,00:00:00,24.4,25.1,24.05,24.2,3809500
2018-02-06,00:00:00,23.0,25.05,21.0,24.15,2042975
2018-02-07,00:00:00,24.2,24.7,23.8,24.4,2149650
2018-02-08,00:00:00,24.2,24.85,24.0,24.45,2123675
2018-02-09,00:00:00,23.55,24.2,23.5,23.95,1930100
2018-02-12,00:00:00,24.6,25.2,24.4,25.05,1979550
2018-02-14,00:00:00,25.2,25.5,24.75,25.15,2366850
2018-02-15,00:00:00,25.2,25.8,24.8,25.5,2508100
2018-02-16,00:00:00,25.2,25.75,24.4,24.9,2144125
2018-02-19,00:00:00,25.0,25.25,24.4,24.6,3791375
2018-02-20,00:00:00,24.6,25.15,24.55,24.6,2947125
2018-02-21,00:00:00,24.7,25.2,24.45,24.65,2752075
2018-02-22,00:00:00,24.5,25.0,24.5,24.85,2445450
2018-02-23,00:00:00,24.8,25.4,24.45,24.8,2880700
2018-02-26,00:00:00,24.9,25.7,24.8,25.25,2049725
2018-02-27,00:00:00,25.5,26.25,24.8,25.05,2374625
2018-02-28,00:00:00,24.8,25.4,24.6,25.15,1939375
2018-03-01,00:00:00,25.05,25.8,24.8,25.0,2442350
2018-03-05,00:00:00,24.8,24.85,24.5,24.6,1776100
2018-03-06,00:00:00,24.85,25.1,23.55,23.7,1925775
2018-03-07,00:00:00,23.8,24.35,23.2,24.15,2372275
2018-03-08,00:00:00,24.35,24.7,24.0,24.15,2094600
2018-03-09,00:00:00,24.35,24.4,24.0,24.0,2284375
2018-03-12,00:00:00,24.55,26.0,24.1,25.85,3178550
2018-03-13,00:00:00,25.65,31.05,24.6,31.05,2775750
2018-03-14,00:00:00,30.7,35.85,30.0,31.85,24013050
2018-03-15,00:00:00,32.25,32.9,30.8,30.95,4385550
2018-03-16,00:00:00,31.5,34.8,30.25,32.2,5470050
2018-03-19,00:00:00,32.75,36.0,32.75,34.6,8643225
2018-03-20,00:00:00,34.6,34.7,33.55,33.8,2989975
2018-03-21,00:00:00,33.75,34.4,32.0,32.65,2272050
2018-03-22,00:00:00,32.9,34.1,31.8,32.25,3107950
2018-03-23,00:00:00,31.55,31.65,30.2,30.6,2107875
2018-03-26,00:00:00,30.25,32.0,26.05,29.3,3294075
2018-03-27,00:00:00,29.05,29.6,26.75,27.1,3069925
2018-03-28,00:00:00,27.2,27.45,24.45,25.05,2857525
2018-04-02,00:00:00,25.5,27.4,25.05,26.1,3986600
2018-04-03,00:00:00,25.85,26.55,25.6,25.75,2671400
2018-04-04,00:00:00,26.0,26.75,24.0,24.35,4021375
2018-04-05,00:00:00,25.2,25.4,24.1,24.35,3155600
2018-04-06,00:00:00,24.5,25.2,24.2,24.35,2953450
2018-04-09,00:00:00,24.5,24.7,24.05,24.2,2185425
2018-04-10,00:00:00,24.3,24.6,23.9,24.15,2279975
2018-04-11,00:00:00,24.2,24.55,24.0,24.05,1878625
2018-04-12,00:00:00,24.0,24.4,24.0,24.15,1841650
2018-04-13,00:00:00,24.15,24.3,23.8,24.0,2049600
2018-04-16,00:00:00,23.55,24.6,23.55,24.1,1904600
2018-04-17,00:00:00,24.1,24.3,23.9,24.05,1978700
2018-04-18,00:00:00,24.0,24.7,23.8,23.95,2341925
2018-04-19,00:00:00,24.15,24.3,23.6,23.8,2031500
2018-04-20,00:00:00,24.0,24.2,23.65,24.0,2767425
2018-04-23,00:00:00,24.15,24.2,23.7,23.85,1841175
2018-04-24,00:00:00,24.15,24.15,23.55,23.7,2148975
2018-04-25,00:00:00,23.6,24.1,22.2,22.6,2465500
2018-04-26,00:00:00,22.95,24.95,22.4,23.95,7591225
2018-04-27,00:00:00,24.05,24.9,24.0,24.55,3190550
2018-04-30,00:00:00,24.75,25.6,24.5,25.25,2887800
2018-05-02,00:00:00,25.25,25.5,24.4,24.65,2610500
2018-05-03,00:00:00,24.65,24.65,24.3,24.5,2614200
2018-05-04,00:00:00,24.6,24.7,24.0,24.25,2717350
2018-05-07,00:00:00,24.45,24.45,24.0,24.15,1822325
2018-05-08,00:00:00,24.05,24.4,23.5,23.75,2028925
2018-05-09,00:00:00,23.7,23.8,22.95,23.25,2955150
2018-05-10,00:00:00,23.2,23.95,23.2,23.3,2247625
2018-05-11,00:00:00,23.4,24.6,23.25,24.45,3611825
2018-05-14,00:00:00,24.45,24.7,23.85,24.0,1628575
2018-05-15,00:00:00,24.0,24.6,23.45,23.65,1787225
2018-05-16,00:00:00,23.7,24.5,23.2,24.05,2920875
2018-05-17,00:00:00,24.25,24.6,24.0,24.15,2838175
2018-05-18,00:00:00,24.3,24.5,23.6,24.05,1909550
2018-05-21,00:00:00,24.2,24.2,23.4,23.7,1333300
2018-05-22,00:00:00,23.75,23.75,22.45,23.35,2375400
2018-05-23,00:00:00,23.6,23.9,23.4,23.5,2002175
2018-05-24,00:00:00,23.6,24.05,22.8,23.15,6246075
2018-05-25,00:00:00,23.75,23.8,23.3,23.5,2283400
2018-05-28,00:00:00,23.8,24.1,23.2,23.95,3546425
2018-05-29,00:00:00,24.3,24.4,23.9,24.05,2127500
2018-05-30,00:00:00,24.0,24.3,23.85,24.1,2276050
2018-05-31,00:00:00,24.1,24.3,23.95,24.05,2036250
2018-06-01,00:00:00,24.05,24.1,22.85,22.85,1016700
2018-06-04,00:00:00,23.05,23.6,22.05,22.55,1861025
2018-06-05,00:00:00,22.8,22.8,21.45,21.45,1065300
2018-06-06,00:00:00,21.4,22.5,21.35,22.5,1396525
2018-06-07,00:00:00,22.6,23.55,22.6,23.15,996700
2018-06-08,00:00:00,23.0,23.55,22.0,22.15,1161625
2018-06-11,00:00:00,22.3,22.3,21.05,21.05,898175
2018-06-12,00:00:00,20.9,22.1,20.4,22.0,1328025
2018-06-13,00:00:00,21.8,22.15,21.0,21.25,1293525
2018-06-14,00:00:00,21.25,21.25,20.15,20.15,308425
2018-06-15,00:00:00,19.7,21.2,19.15,21.15,741625
2018-06-18,00:00:00,20.65,22.2,20.2,22.05,1824175
2018-06-19,00:00:00,22.0,22.1,21.45,21.55,1105725
2018-06-20,00:00:00,21.55,22.4,20.75,21.35,2471125
2018-06-21,00:00:00,21.35,21.5,20.65,21.1,1344500
2018-06-22,00:00:00,21.1,21.45,20.35,20.75,1096525
2018-06-25,00:00:00,20.75,21.6,20.05,20.5,1010675
2018-06-26,00:00:00,21.2,21.2,19.5,19.5,863775
2018-06-27,00:00:00,19.5,19.5,18.8,18.95,836325
2018-06-28,00:00:00,19.0,19.9,18.1,19.85,2935550
2018-06-29,00:00:00,20.05,20.85,20.0,20.85,1254375
2018-07-02,00:00:00,21.45,21.8,19.9,21.7,1461475
2018-07-03,00:00:00,21.7,21.95,20.8,21.55,1260275
2018-07-04,00:00:00,21.4,21.5,21.1,21.35,1669725
2018-07-05,00:00:00,21.2,21.45,20.85,21.35,1405200
2018-07-06,00:00:00,21.6,21.75,20.3,20.75,2630925
2018-07-09,00:00:00,20.7,21.05,20.1,20.7,2073425
2018-07-10,00:00:00,20.7,21.15,20.15,20.9,2590075
2018-07-11,00:00:00,20.8,21.3,20.4,20.55,1631775
2018-07-12,00:00:00,20.6,20.8,20.05,20.25,1951175
2018-07-13,00:00:00,20.25,20.65,20.0,20.1,1828850
2018-07-16,00:00:00,20.2,21.15,20.0,21.05,2621600
2018-07-17,00:00:00,21.2,21.8,20.95,21.65,2065925
2018-07-18,00:00:00,21.65,21.75,21.25,21.45,1175075
2018-07-19,00:00:00,21.45,21.95,21.3,21.6,2171550
2018-07-20,00:00:00,21.5,21.8,21.3,21.7,1924350
2018-07-23,00:00:00,21.85,21.9,21.05,21.3,1040125
2018-07-24,00:00:00,21.35,22.15,21.0,21.6,1299000
2018-07-25,00:00:00,21.8,22.2,21.2,21.3,1353100
2018-07-26,00:00:00,21.2,22.0,21.1,21.4,1233375
2018-07-27,00:00:00,21.65,21.65,20.65,21.05,1100875
2018-07-30,00:00:00,21.2,21.4,20.8,21.1,1811075
2018-07-31,00:00:00,21.3,21.5,20.95,21.25,1995600
2018-08-01,00:00:00,21.3,21.8,20.8,20.95,902550
2018-08-02,00:00:00,20.9,21.75,20.85,21.2,1244000
2018-08-03,00:00:00,21.4,21.55,20.7,21.3,980175
2018-08-06,00:00:00,21.45,21.9,21.2,21.65,2145300
2018-08-07,00:00:00,22.0,22.0,21.1,21.55,2455300
2018-08-08,00:00:00,21.6,21.8,21.25,21.7,1109200
2018-08-09,00:00:00,21.75,21.75,20.65,20.95,902450
2018-08-10,00:00:00,20.8,21.0,20.65,20.85,1159425
2018-08-13,00:00:00,20.5,20.75,20.1,20.25,765200
2018-08-14,00:00:00,20.35,20.5,19.7,20.1,742600
2018-08-16,00:00:00,20.1,20.6,19.7,20.0,1029125
2018-08-17,00:00:00,20.25,20.3,19.2,20.0,677275
2018-08-20,00:00:00,20.1,20.25,19.9,20.05,824650
2018-08-21,00:00:00,20.0,20.4,19.6,20.05,946925
2018-08-23,00:00:00,20.1,20.45,19.75,20.05,807425
2018-08-24,00:00:00,20.15,20.25,19.6,19.9,756725
2018-08-27,00:00:00,20.1,20.3,19.8,19.95,956125
2018-08-28,00:00:00,20.2,20.2,19.7,19.95,894850
2018-08-29,00:00:00,20.0,20.4,19.7,19.95,935275
2018-08-30,00:00:00,20.2,20.2,19.6,20.15,1046400
2018-08-31,00:00:00,20.3,20.3,19.8,19.95,943400
2018-09-03,00:00:00,20.0,20.05,19.6,19.65,865575
2018-09-04,00:00:00,19.8,20.0,19.0,19.3,719550
2018-09-05,00:00:00,19.55,19.95,18.35,18.45,1006300
2018-09-06,00:00:00,18.3,18.5,17.5,17.65,380800
2018-09-07,00:00:00,17.3,17.8,17.2,17.45,593975
2018-09-10,00:00:00,17.45,18.0,16.65,17.0,1278900
2018-09-11,00:00:00,17.0,17.25,16.7,16.8,653200
2018-09-12,00:00:00,16.8,16.9,16.4,16.6,613675
2018-09-14,00:00:00,16.6,16.85,16.35,16.55,657150
2018-09-17,00:00:00,16.4,16.8,15.85,15.9,589175
2018-09-18,00:00:00,15.95,16.1,15.1,15.1,1512350
2018-09-19,00:00:00,15.1,15.85,14.9,15.8,1469325
2018-09-21,00:00:00,15.8,16.55,15.0,15.0,1749325
2018-09-24,00:00:00,15.2,15.55,15.05,15.4,1020275
2018-09-25,00:00:00,15.55,15.55,15.0,15.3,828600
2018-09-26,00:00:00,15.3,15.55,14.5,15.3,1044925
2018-09-27,00:00:00,15.3,15.35,14.5,15.0,987475
2018-09-28,00:00:00,15.2,15.2,14.35,14.8,943600
2018-10-01,00:00:00,15.2,15.5,14.45,15.15,1651250
2018-10-03,00:00:00,15.0,15.25,14.45,14.55,1782800
2018-10-04,00:00:00,14.45,14.45,13.8,13.85,613350
2018-10-05,00:00:00,13.7,14.0,13.25,13.6,945325
2018-10-08,00:00:00,13.65,14.1,13.15,13.95,847000
2018-10-09,00:00:00,13.95,13.95,13.25,13.3,756825
2018-10-10,00:00:00,13.3,13.95,13.3,13.95,1096900
2018-10-11,00:00:00,14.3,14.3,13.3,13.35,3427125
2018-10-12,00:00:00,13.85,14.05,13.45,13.95,2708200
2018-10-15,00:00:00,14.1,14.2,13.6,13.65,2170900
2018-10-16,00:00:00,13.85,13.85,13.55,13.7,990525
2018-10-17,00:00:00,13.7,13.8,13.5,13.6,1062450
2018-10-19,00:00:00,13.6,13.75,12.9,13.2,1045575
2018-10-22,00:00:00,13.3,13.6,12.7,13.05,814400
2018-10-23,00:00:00,13.2,13.6,12.65,13.05,758700
2018-10-24,00:00:00,13.4,13.4,12.4,12.5,811475
2018-10-25,00:00:00,12.5,12.65,11.9,11.95,558575
2018-10-26,00:00:00,12.3,12.3,11.35,11.35,342600
2018-10-29,00:00:00,11.4,11.95,10.85,11.95,1915450
2018-10-30,00:00:00,12.05,13.1,12.05,13.1,1076275
2018-10-31,00:00:00,14.1,14.45,13.25,14.3,3160315
2018-11-01,00:00:00,14.75,14.95,13.3,13.65,1840460
2018-11-02,00:00:00,13.6,13.95,12.25,12.25,1925370
2018-11-05,00:00:00,12.2,12.6,11.25,12.05,660100
2018-11-06,00:00:00,12.4,12.4,11.0,11.45,604195
2018-11-09,00:00:00,11.85,12.15,11.4,12.05,457145
2018-11-12,00:00:00,12.6,12.9,11.9,12.6,1380640
2018-11-13,00:00:00,13.15,13.2,12.4,13.0,1619040
2018-11-14,00:00:00,13.15,13.15,12.6,12.8,1053945
2018-11-15,00:00:00,12.4,13.2,12.25,13.0,956845
2018-11-16,00:00:00,13.3,13.3,12.3,13.0,955525
2018-11-19,00:00:00,13.1,13.1,12.65,12.95,941930
2018-11-20,00:00:00,13.0,13.15,11.8,12.55,872270
2018-11-21,00:00:00,12.7,12.7,12.05,12.3,881630
2018-11-22,00:00:00,12.6,12.65,12.15,12.3,864605
2018-11-26,00:00:00,11.9,12.5,11.9,12.2,714730
2018-11-27,00:00:00,12.2,12.45,12.0,12.35,790760
2018-11-28,00:00:00,12.6,12.6,12.05,12.25,839315
2018-11-29,00:00:00,12.5,12.5,12.0,12.2,1245065
2018-11-30,00:00:00,12.3,12.4,12.0,12.05,732315
2018-12-03,00:00:00,12.2,12.85,12.0,12.6,815895
2018-12-04,00:00:00,12.7,12.75,12.3,12.4,779705
2018-12-05,00:00:00,12.35,12.45,12.0,12.1,762080
2018-12-06,00:00:00,12.2,12.4,12.0,12.3,805930
2018-12-07,00:00:00,12.6,12.8,12.2,12.4,764970
2018-12-10,00:00:00,12.4,12.4,12.05,12.15,545870
2018-12-11,00:00:00,12.2,12.95,12.15,12.35,789030
2018-12-12,00:00:00,12.7,12.7,12.35,12.5,833860
2018-12-13,00:00:00,12.8,12.8,12.3,12.5,809415
2018-12-14,00:00:00,12.6,12.6,12.25,12.55,822150
2018-12-17,00:00:00,12.65,13.05,12.3,12.6,1285155
2018-12-18,00:00:00,12.65,13.05,12.45,13.0,1045495
2018-12-19,00:00:00,13.0,14.1,12.95,13.1,1816065
2018-12-20,00:00:00,13.1,13.55,12.95,13.35,1268900
2018-12-21,00:00:00,13.45,14.0,13.05,13.35,1264585
2018-12-24,00:00:00,13.3,14.35,13.2,14.0,1715430
2018-12-26,00:00:00,13.8,13.95,13.45,13.85,724740
2018-12-27,00:00:00,14.0,14.25,13.6,13.95,1414965
2018-12-28,00:00:00,14.05,14.25,13.85,14.0,1241425
2018-12-31,00:00:00,14.1,14.35,13.6,13.8,837870
2019-01-01,00:00:00,13.85,13.9,13.3,13.45,1236810
2019-01-02,00:00:00,13.3,13.5,13.2,13.45,774065
2019-01-03,00:00:00,13.45,13.8,13.2,13.4,863615
2019-01-04,00:00:00,13.5,13.8,13.4,13.65,861810
2019-01-07,00:00:00,13.75,14.9,13.75,14.2,1484530
2019-01-08,00:00:00,14.3,15.0,14.25,14.9,1107750
2019-01-09,00:00:00,14.8,15.25,14.75,14.9,975065
2019-01-10,00:00:00,15.0,15.05,14.7,14.85,864540
2019-01-11,00:00:00,14.95,14.95,14.6,14.65,906440
2019-01-14,00:00:00,14.7,14.7,14.1,14.25,870345
2019-01-15,00:00:00,14.3,15.45,14.25,14.6,2276760
2019-01-16,00:00:00,14.7,15.0,14.6,14.9,1356940
2019-01-17,00:00:00,15.0,15.2,14.45,15.0,1158050
2019-01-18,00:00:00,15.1,15.15,14.6,14.8,1036595
2019-01-21,00:00:00,14.9,15.05,14.65,14.95,1082625
2019-01-22,00:00:00,15.0,15.0,14.6,14.8,1098710
2019-01-23,00:00:00,14.8,15.4,14.0,14.45,2238960
2019-01-24,00:00:00,14.45,14.95,14.35,14.5,1343910
2019-01-25,00:00:00,14.55,14.8,14.5,14.55,1034565
2019-01-28,00:00:00,14.6,14.8,14.15,14.3,1001780
2019-01-29,00:00:00,14.3,14.4,14.0,14.05,831415
2019-01-30,00:00:00,14.2,14.45,14.1,14.2,917235
2019-01-31,00:00:00,14.35,14.35,14.05,14.2,907355
2019-02-01,00:00:00,14.3,14.35,14.1,14.25,861360
2019-02-04,00:00:00,14.2,14.2,14.0,14.05,863050
2019-02-05,00:00:00,14.2,14.6,14.15,14.5,886890
2019-02-06,00:00:00,14.6,14.8,14.2,14.45,866880
2019-02-07,00:00:00,14.6,14.65,14.25,14.6,926710
2019-02-08,00:00:00,14.6,14.65,14.2,14.35,858480
2019-02-11,00:00:00,14.35,14.6,14.2,14.3,814515
2019-02-12,00:00:00,14.3,14.4,14.15,14.3,836170
2019-02-13,00:00:00,14.35,14.5,14.05,14.35,819890
2019-02-14,00:00:00,14.2,14.4,14.05,14.2,816350
2019-02-15,00:00:00,14.2,14.2,13.9,14.0,841160
2019-02-18,00:00:00,14.15,14.15,13.7,13.9,799990
2019-02-19,00:00:00,13.95,14.1,13.8,13.9,846845
2019-02-20,00:00:00,14.1,14.1,13.8,13.95,877315
2019-02-21,00:00:00,13.95,14.05,13.6,13.85,1548295
2019-02-22,00:00:00,13.95,14.05,13.8,13.9,693505
2019-02-25,00:00:00,13.85,14.0,13.8,13.85,716315
2019-02-26,00:00:00,13.9,13.95,13.6,13.65,737770
2019-02-27,00:00:00,13.7,14.4,13.6,13.65,1143425
2019-02-28,00:00:00,13.65,13.85,13.6,13.6,783445
2019-03-01,00:00:00,13.8,13.85,13.5,13.6,772015
2019-03-05,00:00:00,13.65,13.85,13.6,13.7,816805
2019-03-06,00:00:00,13.85,13.9,13.65,13.85,824120
2019-03-07,00:00:00,13.85,16.2,13.7,15.25,2711595
2019-03-08,00:00:00,15.3,15.5,14.9,15.15,1317595
2019-03-11,00:00:00,15.25,15.3,14.95,15.05,974740
2019-03-12,00:00:00,15.15,15.5,15.0,15.2,1424330
2019-03-13,00:00:00,15.3,15.35,14.3,14.6,899065
2019-03-14,00:00:00,14.75,14.75,14.0,14.15,816185
2019-03-15,00:00:00,14.05,14.3,14.0,14.0,983480
2019-03-18,00:00:00,14.2,14.3,13.85,14.0,790465
2019-03-19,00:00:00,14.0,14.15,12.3,13.35,1384305
2019-03-20,00:00:00,13.1,13.95,12.8,13.75,1557795
2019-03-22,00:00:00,13.8,13.8,13.35,13.65,863960
2019-03-25,00:00:00,13.6,13.65,13.3,13.35,853350
2019-03-26,00:00:00,13.4,13.9,13.0,13.65,1514960
2019-03-27,00:00:00,13.7,13.95,13.55,13.75,950410
2019-03-28,00:00:00,13.8,14.3,13.75,14.2,876815
2019-03-29,00:00:00,14.35,14.35,14.0,14.2,878590
2019-04-01,00:00:00,14.3,14.35,13.8,14.15,963925
2019-04-02,00:00:00,14.15,14.4,14.1,14.2,918575
2019-04-03,00:00:00,14.35,14.4,14.15,14.25,802225
2019-04-04,00:00:00,14.3,14.7,14.0,14.05,846115
2019-04-05,00:00:00,14.05,14.6,14.05,14.4,1080195
2019-04-08,00:00:00,14.5,14.55,14.05,14.45,1231170
2019-04-09,00:00:00,14.45,14.65,14.05,14.25,973890
2019-04-10,00:00:00,14.35,14.6,14.05,14.4,1003100
2019-04-11,00:00:00,14.45,14.5,14.05,14.1,982890
2019-04-12,00:00:00,14.3,14.35,14.1,14.3,883395
2019-04-15,00:00:00,14.4,14.95,14.25,14.4,1032130
2019-04-16,00:00:00,14.5,14.5,13.95,14.05,936905
2019-04-18,00:00:00,14.0,14.2,14.0,14.05,909230
2019-04-22,00:00:00,14.05,14.15,13.75,13.85,681080
2019-04-23,00:00:00,14.0,14.05,13.7,13.75,574440
2019-04-24,00:00:00,14.0,14.0,13.75,13.9,681190
2019-04-25,00:00:00,14.0,14.0,13.7,13.75,602610
2019-04-26,00:00:00,13.9,13.9,13.6,13.75,506155
2019-04-30,00:00:00,13.7,13.75,13.5,13.6,429485
2019-05-02,00:00:00,13.65,13.75,13.45,13.55,672375
2019-05-03,00:00:00,13.65,13.8,13.4,13.7,795720
2019-05-06,00:00:00,13.9,13.9,13.55,13.65,486790
2019-05-07,00:00:00,13.8,13.9,13.65,13.75,632415
2019-05-08,00:00:00,13.75,13.85,13.3,13.4,669215
2019-05-09,00:00:00,13.2,13.4,13.0,13.25,648085
2019-05-10,00:00:00,13.2,13.35,12.55,13.0,673725
2019-05-13,00:00:00,13.0,13.0,12.1,12.25,458115
2019-05-14,00:00:00,12.5,13.8,11.95,13.0,822735
2019-05-15,00:00:00,12.85,13.15,12.4,12.85,667115
2019-05-16,00:00:00,12.8,13.0,12.4,12.9,822020
2019-05-17,00:00:00,13.0,15.1,12.8,14.6,1093055
2019-05-20,00:00:00,15.15,15.15,14.05,14.5,799925
2019-05-21,00:00:00,14.75,14.75,14.25,14.35,644685
2019-05-22,00:00:00,14.4,14.45,14.05,14.2,695635
2019-05-23,00:00:00,14.55,15.1,14.4,14.8,1130385
2019-05-24,00:00:00,15.6,15.6,14.65,14.95,951575
2019-05-27,00:00:00,14.4,15.6,14.4,15.1,901830
2019-05-28,00:00:00,15.3,16.0,15.1,15.35,934355
2019-05-29,00:00:00,15.35,16.15,15.25,15.45,1393535
2019-05-30,00:00:00,15.45,16.9,15.05,15.5,2256200
2019-05-31,00:00:00,15.55,15.95,14.85,15.2,874505
2019-06-03,00:00:00,14.85,16.2,14.7,14.9,1278540
2019-06-04,00:00:00,15.0,15.2,14.9,15.05,779195
2019-06-06,00:00:00,15.25,15.25,14.8,14.9,746015
2019-06-07,00:00:00,15.05,15.2,14.7,14.9,776605
2019-06-10,00:00:00,15.5,15.5,14.8,14.9,841845
2019-06-11,00:00:00,15.0,15.1,14.75,14.95,878955
2019-06-12,00:00:00,14.9,15.0,14.75,14.8,801275
2019-06-13,00:00:00,14.8,15.1,14.5,14.55,853315
2019-06-14,00:00:00,14.55,14.9,14.4,14.5,823980
2019-06-17,00:00:00,14.6,14.75,14.35,14.5,889930
2019-06-18,00:00:00,14.5,14.7,14.2,14.3,854805
2019-06-19,00:00:00,14.35,15.0,14.15,14.3,859855
2019-06-20,00:00:00,14.3,14.65,14.0,14.2,919835
2019-06-21,00:00:00,14.2,14.35,14.2,14.2,1018715
2019-06-24,00:00:00,14.2,14.5,13.2,13.5,410600
2019-06-25,00:00:00,13.2,13.75,13.1,13.45,467990
2019-06-26,00:00:00,13.6,13.7,13.0,13.1,590425
2019-06-27,00:00:00,13.2,13.35,10.8,11.95,1246860
2019-06-28,00:00:00,12.0,13.2,12.0,13.1,2005020
2019-07-01,00:00:00,13.15,13.8,12.7,13.45,949960
2019-07-02,00:00:00,13.45,15.6,13.0,14.55,1320075
2019-07-03,00:00:00,14.6,15.05,13.65,14.35,1122300
2019-07-04,00:00:00,14.2,14.4,13.6,14.1,322635
2019-07-05,00:00:00,14.0,14.3,13.4,13.6,347925
2019-07-08,00:00:00,13.75,13.9,13.2,13.75,418515
2019-07-09,00:00:00,14.05,14.3,13.75,13.95,407540
2019-07-10,00:00:00,14.1,14.1,13.2,13.3,386880
2019-07-11,00:00:00,13.8,13.8,12.95,13.4,548515
2019-07-12,00:00:00,13.5,13.6,13.2,13.55,518210
2019-07-15,00:00:00,13.6,13.75,13.0,13.35,486305
2019-07-16,00:00:00,13.7,14.2,13.3,14.05,434485
2019-07-17,00:00:00,14.1,14.2,13.8,14.1,307555
2019-07-18,00:00:00,14.1,14.2,13.8,14.05,349565
2019-07-19,00:00:00,14.1,14.1,13.2,13.75,316435
2019-07-22,00:00:00,13.7,13.8,13.5,13.6,154785
2019-07-23,00:00:00,13.7,13.8,13.2,13.4,223470
2019-07-24,00:00:00,13.5,13.6,13.2,13.35,246930
2019-07-25,00:00:00,14.0,14.0,13.2,13.35,155995
2019-07-26,00:00:00,13.45,13.6,13.15,13.55,272315
2019-07-29,00:00:00,13.65,13.7,13.15,13.55,281950
2019-07-30,00:00:00,13.85,13.85,13.3,13.5,302345
2019-07-31,00:00:00,13.5,13.5,13.3,13.5,1234650
2019-08-01,00:00:00,13.6,13.8,13.2,13.35,252695
2019-08-02,00:00:00,13.45,13.9,13.2,13.55,390685
2019-08-05,00:00:00,13.7,13.7,13.45,13.55,454025
2019-08-06,00:00:00,13.6,13.8,13.1,13.6,387295
2019-08-07,00:00:00,13.7,13.7,13.25,13.4,288510
2019-08-08,00:00:00,13.55,13.8,12.95,13.7,369865
2019-08-09,00:00:00,13.9,13.9,13.6,13.75,344110
2019-08-13,00:00:00,14.2,14.2,13.55,13.85,350410
2019-08-14,00:00:00,14.3,14.3,13.55,14.0,354725
2019-08-16,00:00:00,14.1,14.35,13.75,13.95,234190
2019-08-19,00:00:00,14.2,14.2,13.25,13.6,349825
2019-08-20,00:00:00,13.9,13.9,12.8,13.35,485730
2019-08-21,00:00:00,13.4,13.5,12.65,12.8,394030
2019-08-22,00:00:00,12.8,12.8,12.05,12.25,521325
2019-08-23,00:00:00,13.2,13.2,11.8,12.0,646275
2019-08-26,00:00:00,12.6,12.9,11.95,12.55,474740
2019-08-27,00:00:00,12.95,13.0,12.5,12.8,455780
2019-08-28,00:00:00,13.0,13.0,12.6,12.75,288200
2019-08-29,00:00:00,12.9,12.9,12.0,12.4,487895
2019-08-30,00:00:00,12.45,12.8,12.1,12.4,680870
2019-09-03,00:00:00,12.7,13.4,12.15,12.3,484440
2019-09-04,00:00:00,12.5,12.75,12.2,12.35,298150
2019-09-05,00:00:00,12.4,12.75,12.15,12.35,349090
2019-09-06,00:00:00,12.4,12.7,12.1,12.25,938305
2019-09-09,00:00:00,12.4,12.6,12.2,12.4,583975
2019-09-11,00:00:00,12.8,12.8,12.35,12.55,512080
2019-09-12,00:00:00,12.8,12.8,12.45,12.55,416330
2019-09-13,00:00:00,12.65,12.75,11.65,12.4,772935
2019-09-16,00:00:00,12.6,12.75,12.35,12.4,585605
2019-09-17,00:00:00,12.65,12.65,12.1,12.2,617370
2019-09-18,00:00:00,12.3,12.6,12.2,12.3,565585
2019-09-19,00:00:00,12.5,12.6,12.05,12.15,778845
2019-09-20,00:00:00,12.3,12.55,11.65,12.0,1140715
2019-09-23,00:00:00,12.45,12.45,11.6,11.7,1546995
2019-09-24,00:00:00,11.85,12.15,11.7,11.8,630185
2019-09-25,00:00:00,11.9,12.7,11.6,11.65,803045
2019-09-26,00:00:00,11.9,12.0,11.6,11.8,695620
2019-09-27,00:00:00,12.65,12.65,10.9,11.8,1221985
2019-09-30,00:00:00,12.35,12.35,11.2,11.45,761025
2019-10-01,00:00:00,11.95,12.0,11.2,11.45,1051015
2019-10-03,00:00:00,11.6,11.7,10.8,11.2,898855
2019-10-04,00:00:00,11.4,11.4,10.8,10.85,1091475
2019-10-07,00:00:00,11.1,11.3,10.65,10.75,1043260
2019-10-09,00:00:00,11.35,11.35,10.45,10.75,508275
2019-10-10,00:00:00,10.9,11.1,10.4,10.85,441140
2019-10-11,00:00:00,11.4,11.45,10.85,11.4,818690
2019-10-14,00:00:00,11.6,11.8,11.4,11.65,572730
2019-10-15,00:00:00,12.8,12.8,11.6,11.8,1185610
2019-10-16,00:00:00,12.15,12.2,11.6,11.65,575240
2019-10-17,00:00:00,11.8,11.9,11.6,11.65,676665
2019-10-18,00:00:00,11.8,11.9,11.6,11.7,944270
2019-10-22,00:00:00,12.5,12.5,11.05,11.7,575135
2019-10-23,00:00:00,11.85,11.9,11.4,11.7,551125
2019-10-24,00:00:00,11.8,11.8,11.65,11.7,970355
2019-10-25,00:00:00,12.3,12.3,11.6,11.7,1168050
2019-10-27,00:00:00,12.4,12.9,10.65,12.0,125125
2019-10-29,00:00:00,12.5,12.5,11.85,11.95,525775
2019-10-30,00:00:00,12.05,12.15,11.8,11.9,555535
2019-10-31,00:00:00,12.0,12.05,11.0,11.65,529280
2019-11-01,00:00:00,11.95,11.95,11.4,11.6,578135
2019-11-04,00:00:00,11.75,11.75,11.4,11.5,620630
2019-11-05,00:00:00,11.6,11.65,11.35,11.4,534175
2019-11-06,00:00:00,11.55,12.75,11.35,12.45,830775
2019-11-07,00:00:00,12.85,12.85,11.6,11.8,534640
2019-11-08,00:00:00,11.95,11.95,11.4,11.7,938315
2019-11-11,00:00:00,12.0,12.0,11.65,11.7,596105
2019-11-13,00:00:00,12.2,12.5,11.6,11.8,611335
2019-11-14,00:00:00,11.8,11.9,11.5,11.6,533670
2019-11-15,00:00:00,12.0,12.8,11.5,12.55,1129025
2019-11-18,00:00:00,12.5,12.6,12.0,12.1,750310
2019-11-19,00:00:00,12.45,13.0,11.95,12.35,791600
2019-11-20,00:00:00,12.5,12.75,12.15,12.2,521135
2019-11-21,00:00:00,12.65,12.75,12.05,12.45,626540
2019-11-22,00:00:00,12.65,13.0,12.4,12.8,702340
2019-11-25,00:00:00,13.0,13.35,12.85,13.05,621260
2019-11-26,00:00:00,13.25,13.3,12.25,13.1,1513200
2019-11-27,00:00:00,13.4,14.2,12.6,13.8,2662610
2019-11-28,00:00:00,13.75,14.35,13.0,13.3,1187405
2019-11-29,00:00:00,13.4,13.4,13.0,13.1,890265
2019-12-02,00:00:00,13.55,13.75,13.1,13.55,1015585
2019-12-03,00:00:00,13.8,13.9,13.25,13.35,826495
2019-12-04,00:00:00,13.65,13.7,12.3,12.5,1271085
2019-12-05,00:00:00,12.6,12.85,11.95,12.55,1087065
2019-12-06,00:00:00,12.9,13.4,12.6,13.2,930165
2019-12-09,00:00:00,13.2,13.95,13.1,13.6,1002125
2019-12-10,00:00:00,13.7,13.7,12.5,12.65,662060
2019-12-11,00:00:00,12.9,13.15,12.2,12.35,1464425
2019-12-12,00:00:00,12.5,12.75,12.15,12.15,702580
2019-12-13,00:00:00,12.3,12.6,12.2,12.3,1271875
2019-12-16,00:00:00,12.4,12.7,12.2,12.25,1041025
2019-12-17,00:00:00,12.35,12.8,12.25,12.65,780270
2019-12-18,00:00:00,12.75,12.75,12.2,12.35,643155
2019-12-19,00:00:00,12.45,12.9,12.2,12.65,855595
2019-12-20,00:00:00,13.0,13.0,12.4,12.45,799000
2019-12-23,00:00:00,12.55,12.8,11.9,12.05,822505
2019-12-24,00:00:00,12.1,12.3,12.05,12.15,670850
2019-12-26,00:00:00,12.35,12.35,12.15,12.2,615160
2019-12-27,00:00:00,12.25,13.0,12.25,12.6,1303265
2019-12-30,00:00:00,13.5,13.5,12.35,12.5,1124295
2019-12-31,00:00:00,12.6,12.7,12.45,12.65,655350
2020-01-01,00:00:00,12.85,12.95,12.5,12.65,586955
2020-01-02,00:00:00,12.7,13.15,12.45,12.85,719090
2020-01-03,00:00:00,12.95,13.15,12.6,12.65,898245
2020-01-06,00:00:00,12.7,13.0,12.4,12.45,867975
2020-01-07,00:00:00,12.5,12.85,12.5,12.75,949970
2020-01-08,00:00:00,12.75,12.9,12.5,12.6,763740
2020-01-09,00:00:00,12.85,12.9,12.4,12.5,791985
2020-01-10,00:00:00,12.7,12.8,12.4,12.5,911540
2020-01-13,00:00:00,12.65,12.95,12.6,12.8,926235
2020-01-14,00:00:00,12.85,12.9,12.5,12.6,647635
2020-01-15,00:00:00,12.75,12.8,12.5,12.55,654045
2020-01-16,00:00:00,12.7,12.85,12.4,12.5,1105080
2020-01-17,00:00:00,12.65,12.7,12.5,12.6,845045
2020-01-20,00:00:00,12.7,12.7,12.35,12.5,840995
2020-01-21,00:00:00,12.5,12.5,12.1,12.15,689310
2020-01-22,00:00:00,12.4,12.4,11.9,12.1,611720
2020-01-23,00:00:00,12.2,12.35,11.95,12.0,618335
2020-01-24,00:00:00,12.3,12.3,12.1,12.15,740920
2020-01-27,00:00:00,12.1,12.2,11.95,12.15,811845
2020-01-28,00:00:00,12.35,12.45,12.0,12.2,908375
2020-01-29,00:00:00,12.4,12.85,12.0,12.65,1006565
2020-01-30,00:00:00,12.8,12.85,12.35,12.6,426155
2020-01-31,00:00:00,12.7,12.8,12.4,12.5,1054145
2020-02-01,00:00:00,12.55,12.75,12.4,12.5,581350
2020-02-03,00:00:00,12.6,12.7,12.4,12.6,1116550
2020-02-04,00:00:00,12.75,12.9,12.5,12.8,1279275
2020-02-05,00:00:00,12.8,12.9,12.6,12.65,785030
2020-02-06,00:00:00,12.7,12.85,12.35,12.45,748500
2020-02-07,00:00:00,12.8,12.8,12.25,12.4,1313380
2020-02-10,00:00:00,12.55,12.85,12.25,12.4,2456355
2020-02-11,00:00:00,12.5,12.8,12.25,12.4,1235740
2020-02-12,00:00:00,12.5,12.7,12.15,12.2,638635
2020-02-13,00:00:00,12.2,12.65,12.05,12.2,613060
2020-02-14,00:00:00,12.3,12.45,12.05,12.1,513005
2020-02-17,00:00:00,12.3,12.4,12.0,12.1,455570
2020-02-18,00:00:00,12.4,12.4,12.0,12.1,494375
2020-02-19,00:00:00,12.4,12.4,11.95,12.05,795420
2020-02-20,00:00:00,12.35,12.35,12.0,12.0,812670
2020-02-24,00:00:00,12.0,12.2,11.95,12.0,614390
2020-02-25,00:00:00,12.2,12.2,11.95,12.05,864475
2020-02-26,00:00:00,12.0,12.15,11.9,12.0,857030
2020-02-27,00:00:00,12.1,12.15,11.8,11.9,836260
2020-02-28,00:00:00,11.95,12.0,11.6,11.6,550955
2020-03-02,00:00:00,11.8,12.2,11.4,11.6,596175
2020-03-03,00:00:00,11.85,12.0,11.4,11.55,595975
2020-03-04,00:00:00,11.8,11.9,11.45,11.55,564855
2020-03-05,00:00:00,11.8,12.0,11.6,11.6,662655
2020-03-06,00:00:00,11.4,11.75,11.4,11.5,595795
2020-03-09,00:00:00,11.6,11.7,11.0,11.05,526260
2020-03-11,00:00:00,11.25,11.6,10.8,11.1,620950
2020-03-12,00:00:00,11.15,11.3,10.3,10.5,632280
2020-03-13,00:00:00,10.9,10.9,8.4,10.5,1107310
2020-03-16,00:00:00,10.9,11.2,9.95,10.1,424970
2020-03-17,00:00:00,10.4,10.4,8.25,9.45,655330
2020-03-18,00:00:00,9.6,9.8,7.55,7.55,642885
2020-03-19,00:00:00,6.8,7.2,6.05,6.7,1170930
2020-03-20,00:00:00,6.95,6.95,6.0,6.1,954900
2020-03-23,00:00:00,6.5,6.5,5.5,5.5,26970
2020-03-24,00:00:00,6.0,6.0,4.95,5.2,93640
2020-03-25,00:00:00,5.6,5.7,4.7,5.45,91700
2020-03-26,00:00:00,5.8,6.0,5.0,5.9,1060485
2020-03-27,00:00:00,6.25,6.45,5.8,6.4,98845
2020-03-30,00:00:00,6.0,6.5,5.8,6.05,419405
2020-03-31,00:00:00,6.5,6.5,5.85,6.2,32020
2020-04-01,00:00:00,6.6,6.6,5.6,5.75,96680
2020-04-03,00:00:00,6.2,6.2,5.25,5.5,514135
2020-04-07,00:00:00,5.95,5.95,5.6,5.75,49965
2020-04-08,00:00:00,5.8,6.3,5.3,5.4,615340
2020-04-09,00:00:00,5.7,5.75,5.4,5.55,647510
2020-04-13,00:00:00,5.7,5.8,5.45,5.75,36710
2020-04-15,00:00:00,5.75,5.95,5.2,5.35,158225
2020-04-16,00:00:00,5.75,5.75,5.0,5.5,135460
2020-04-17,00:00:00,5.8,5.8,5.4,5.7,166470
2020-04-20,00:00:00,6.1,6.25,5.75,5.85,177705
2020-04-21,00:00:00,5.8,5.8,5.25,5.4,99635
2020-04-22,00:00:00,5.35,5.6,5.35,5.55,48970
2020-04-23,00:00:00,5.65,5.65,5.35,5.4,105920
2020-04-24,00:00:00,5.25,5.55,5.2,5.4,29305
2020-04-27,00:00:00,5.6,5.6,5.25,5.4,26900
2020-04-28,00:00:00,5.6,5.6,5.2,5.4,70280
2020-04-29,00:00:00,5.6,5.6,5.4,5.55,106425
2020-04-30,00:00:00,5.6,5.8,5.4,5.65,56285
2020-05-04,00:00:00,5.5,6.2,5.3,5.35,186030
2020-05-05,00:00:00,5.35,5.6,5.35,5.5,25015
2020-05-06,00:00:00,5.7,5.7,5.05,5.35,33320
2020-05-07,00:00:00,5.55,5.6,5.3,5.5,33690
2020-05-08,00:00:00,5.6,5.75,5.3,5.35,203800
2020-05-11,00:00:00,5.55,5.55,5.1,5.25,60240
2020-05-12,00:00:00,5.5,5.5,5.15,5.3,42860
2020-05-13,00:00:00,5.55,5.55,5.2,5.35,1896670
2020-05-14,00:00:00,5.5,5.5,5.0,5.25,71680
2020-05-15,00:00:00,5.4,5.5,5.1,5.15,1279020
2020-05-18,00:00:00,5.4,5.4,5.05,5.15,53560
2020-05-19,00:00:00,5.15,5.2,5.1,5.15,36175
2020-05-20,00:00:00,5.4,5.4,5.0,5.15,47465
2020-05-21,00:00:00,5.35,5.4,4.65,5.1,91750
2020-05-22,00:00:00,5.3,5.3,5.0,5.15,12920
2020-05-26,00:00:00,5.4,5.4,5.0,5.25,16620
2020-05-27,00:00:00,5.4,5.4,5.0,5.25,17960
2020-05-28,00:00:00,5.05,5.3,5.05,5.2,22805
2020-05-29,00:00:00,5.3,5.55,4.7,5.15,76175
2020-06-01,00:00:00,5.4,5.65,5.4,5.65,134665
2020-06-02,00:00:00,6.0,6.2,5.95,6.2,370460
2020-06-03,00:00:00,6.85,6.85,6.65,6.85,297700
2020-06-04,00:00:00,7.1,7.2,7.1,7.2,63645
2020-06-05,00:00:00,7.55,7.55,7.55,7.55,20000
2020-06-08,00:00:00,7.9,7.9,7.15,7.5,416335
2020-06-09,00:00:00,7.8,7.8,7.5,7.6,162150
2020-06-10,00:00:00,7.8,7.8,7.25,7.25,117055
2020-06-11,00:00:00,7.0,7.0,6.85,6.85,47490
2020-06-12,00:00:00,6.55,7.15,6.55,6.95,105985
2020-06-15,00:00:00,7.0,7.3,7.0,7.2,45145
2020-06-16,00:00:00,7.5,7.55,7.2,7.55,116515
2020-06-17,00:00:00,7.9,7.9,7.4,7.85,113445
2020-06-18,00:00:00,7.9,8.2,7.6,7.75,101605
2020-06-19,00:00:00,8.1,8.1,7.35,7.45,118295
2020-06-22,00:00:00,7.5,7.8,7.3,7.4,51720
2020-06-23,00:00:00,7.4,7.75,7.0,7.7,596225
2020-06-24,00:00:00,8.0,8.1,7.7,8.1,255205
2020-06-25,00:00:00,8.5,8.5,7.75,8.5,178095
2020-06-26,00:00:00,8.9,8.9,8.5,8.9,84980
2020-06-29,00:00:00,9.05,9.35,8.55,9.35,269990
2020-06-30,00:00:00,9.5,9.8,9.35,9.5,149960
2020-07-01,00:00:00,9.9,9.9,9.2,9.55,99255
2020-07-02,00:00:00,10.0,10.0,9.4,9.65,68065
2020-07-03,00:00:00,9.65,10.0,9.4,9.55,38850
2020-07-06,00:00:00,9.6,10.05,9.5,10.0,218910
2020-07-07,00:00:00,10.5,10.5,10.0,10.5,350890
2020-07-08,00:00:00,10.8,11.0,10.25,10.9,375330
2020-07-09,00:00:00,11.05,11.2,10.4,10.5,357440
2020-07-10,00:00:00,10.5,10.6,10.2,10.3,75785
2020-07-13,00:00:00,10.55,10.6,9.8,10.05,75460
2020-07-14,00:00:00,10.0,10.1,9.55,9.6,208100
2020-07-15,00:00:00,9.8,10.1,9.2,9.4,45905
2020-07-16,00:00:00,9.4,9.6,8.95,9.25,42495
2020-07-17,00:00:00,9.2,9.4,8.8,9.3,40075
2020-07-20,00:00:00,9.4,9.4,9.0,9.1,16420
2020-07-21,00:00:00,9.3,9.4,8.7,9.05,51895
2020-07-22,00:00:00,9.1,9.15,8.75,8.9,23520
2020-07-23,00:00:00,8.9,9.0,8.75,8.95,5940
2020-07-24,00:00:00,8.95,9.0,8.8,8.95,15060
2020-07-27,00:00:00,9.0,9.0,8.75,9.0,19740
2020-07-28,00:00:00,9.0,9.2,8.9,8.95,23075
2020-07-29,00:00:00,9.0,9.0,8.95,8.95,39415
2020-07-30,00:00:00,9.0,9.0,8.9,9.0,20070
2020-07-31,00:00:00,9.0,9.0,8.85,8.9,16625
2020-08-03,00:00:00,8.8,9.0,8.45,8.85,19425
2020-08-04,00:00:00,9.0,9.0,8.8,8.95,20290
2020-08-05,00:00:00,8.95,9.0,8.9,8.9,32020
2020-08-06,00:00:00,9.3,9.35,8.8,9.05,47540
2020-08-07,00:00:00,9.2,9.2,8.65,9.0,23780
2020-08-10,00:00:00,9.4,9.4,8.8,9.0,45525
2020-08-11,00:00:00,9.0,9.3,8.9,9.2,24950
2020-08-12,00:00:00,9.65,9.65,9.0,9.15,56005
2020-08-13,00:00:00,9.25,9.4,9.1,9.25,29130
2020-08-14,00:00:00,9.25,9.4,9.1,9.2,16135
2020-08-17,00:00:00,9.6,9.6,9.1,9.3,31845
2020-08-18,00:00:00,9.4,9.4,9.3,9.35,26525
2020-08-19,00:00:00,9.35,9.8,9.35,9.6,36565
2020-08-20,00:00:00,9.6,9.75,9.4,9.7,39605
2020-08-21,00:00:00,9.8,10.15,9.65,9.9,60575
2020-08-24,00:00:00,10.1,10.4,9.9,10.15,108550
2020-08-25,00:00:00,10.6,10.6,10.1,10.35,83035
2020-08-26,00:00:00,10.45,10.85,10.45,10.6,191225
2020-08-27,00:00:00,10.8,11.0,10.8,10.9,194520
2020-08-28,00:00:00,11.0,11.25,10.7,10.7,241435
2020-08-31,00:00:00,10.7,11.25,10.2,10.35,96045
2020-09-01,00:00:00,10.5,10.5,9.8,9.85,49940
2020-09-02,00:00:00,10.2,10.2,9.4,9.9,109460
2020-09-03,00:00:00,10.15,10.3,9.6,9.9,80920
2020-09-04,00:00:00,10.0,10.0,9.5,9.8,60310
2020-09-07,00:00:00,10.0,10.0,9.5,9.75,75945
2020-09-08,00:00:00,10.25,10.25,9.5,9.65,52915
2020-09-09,00:00:00,10.1,10.1,9.45,9.6,10690
2020-09-10,00:00:00,9.65,9.9,9.65,9.85,28205
2020-09-11,00:00:00,10.1,10.1,9.4,9.85,58640
2020-09-14,00:00:00,10.0,10.05,9.75,9.9,87030
2020-09-15,00:00:00,10.3,10.3,9.85,9.9,45975
2020-09-16,00:00:00,10.0,10.05,9.6,9.9,98455
2020-09-17,00:00:00,9.7,10.3,9.65,9.8,359485
2020-09-18,00:00:00,10.2,10.3,9.85,10.0,373355
2020-09-21,00:00:00,10.3,10.3,9.6,9.75,117095
2020-09-22,00:00:00,9.8,10.1,9.6,9.65,106285
2020-09-23,00:00:00,10.0,10.0,9.5,9.7,83975
2020-09-24,00:00:00,9.8,9.8,9.4,9.4,52745
2020-09-25,00:00:00,9.7,9.8,9.4,9.55,47325
2020-09-28,00:00:00,10.0,10.0,9.5,9.7,58230
2020-09-29,00:00:00,10.0,10.0,9.5,9.8,41295
2020-09-30,00:00:00,9.8,9.8,9.5,9.55,84110
2020-10-01,00:00:00,9.8,10.0,9.35,9.4,136830
2020-10-05,00:00:00,9.75,9.75,9.3,9.4,274520
2020-10-06,00:00:00,9.4,9.9,9.4,9.9,182510
2020-10-07,00:00:00,10.1,10.3,9.7,9.8,129400
2020-10-08,00:00:00,10.0,10.0,9.05,9.4,72985
2020-10-09,00:00:00,9.75,9.75,8.8,9.4,106470
2020-10-12,00:00:00,9.7,9.9,9.2,9.4,40120
2020-10-13,00:00:00,9.6,10.15,9.4,9.5,163125
2020-10-14,00:00:00,9.8,9.8,9.15,9.3,94980
2020-10-15,00:00:00,9.6,10.0,8.85,9.75,182625
2020-10-16,00:00:00,10.3,10.3,9.7,9.8,195870
2020-10-19,00:00:00,10.0,10.0,9.8,9.95,801515
2020-10-20,00:00:00,10.0,10.0,9.5,9.85,679450
2020-10-21,00:00:00,10.0,10.0,9.7,9.85,544505
2020-10-22,00:00:00,10.0,10.0,9.65,9.75,608365
2020-10-23,00:00:00,10.0,10.0,9.65,9.8,630025
2020-10-26,00:00:00,9.95,10.0,9.7,9.8,847045
2020-10-27,00:00:00,9.95,10.0,9.7,9.8,965225
2020-10-28,00:00:00,10.0,10.0,9.7,9.75,934960
2020-10-29,00:00:00,9.8,10.2,9.7,9.75,878895
2020-10-30,00:00:00,10.0,10.0,9.65,9.85,859670
2020-11-02,00:00:00,9.9,10.2,9.8,10.05,1082040
2020-11-03,00:00:00,10.2,10.6,10.0,10.1,848865
2020-11-04,00:00:00,10.2,10.2,9.9,10.0,941795
2020-11-05,00:00:00,10.1,10.5,9.6,10.05,1621440
2020-11-06,00:00:00,10.15,10.3,9.9,10.0,1085925
2020-11-09,00:00:00,10.0,10.3,9.65,9.9,764865
2020-11-10,00:00:00,9.9,10.15,9.6,9.7,843620
2020-11-11,00:00:00,10.4,10.4,9.7,9.9,917790
2020-11-12,00:00:00,10.3,10.3,9.8,9.95,832805
2020-11-13,00:00:00,10.4,10.4,9.9,10.1,863910
2020-11-14,00:00:00,10.9,10.9,10.1,10.25,273075
2020-11-17,00:00:00,11.0,11.0,10.1,10.3,878600
2020-11-18,00:00:00,10.5,10.6,10.1,10.2,792470
2020-11-19,00:00:00,10.3,10.3,9.85,10.05,1014495
2020-11-20,00:00:00,10.3,10.3,9.9,9.95,847705
2020-11-23,00:00:00,10.15,10.3,9.7,9.85,834175
2020-11-24,00:00:00,9.95,10.0,9.85,9.85,610090
2020-11-25,00:00:00,10.3,10.3,9.85,10.05,913525
2020-11-26,00:00:00,10.3,10.35,10.0,10.3,796400
2020-11-27,00:00:00,10.3,10.3,10.05,10.2,694535
2020-12-01,00:00:00,10.2,10.35,9.25,9.55,1173460
2020-12-02,00:00:00,9.7,9.95,9.5,9.55,798145
2020-12-03,00:00:00,9.85,9.85,9.5,9.55,763865
2020-12-04,00:00:00,9.8,9.8,9.5,9.55,929770
2020-12-07,00:00:00,9.75,9.95,9.4,9.8,1272485
2020-12-08,00:00:00,10.1,10.1,9.55,9.75,1155400
2020-12-09,00:00:00,10.0,10.0,9.65,9.8,933870
2020-12-10,00:00:00,9.85,10.1,9.6,9.75,899550
2020-12-11,00:00:00,10.0,10.0,9.65,9.85,995395
2020-12-14,00:00:00,10.0,11.85,9.75,11.85,2440115
2020-12-15,00:00:00,12.4,12.7,11.25,11.35,1522010
2020-12-16,00:00:00,11.45,11.85,11.25,11.35,1821915
2020-12-17,00:00:00,11.5,11.75,11.3,11.4,1272115
2020-12-18,00:00:00,11.6,11.6,10.85,11.4,1318730
2020-12-21,00:00:00,11.55,11.55,10.15,10.3,1410025
2020-12-22,00:00:00,9.9,10.6,9.8,10.45,1097040
2020-12-23,00:00:00,10.4,10.95,10.4,10.6,1035640
2020-12-24,00:00:00,10.95,11.4,10.65,11.25,1287040
2020-12-28,00:00:00,11.4,11.8,11.35,11.5,1158290
2020-12-29,00:00:00,11.65,11.75,11.2,11.3,958645
2020-12-30,00:00:00,11.35,11.5,10.8,11.0,1113725
2020-12-31,00:00:00,11.15,11.3,10.85,11.05,1061685
2021-01-01,00:00:00,11.2,11.35,10.9,11.0,909695
2021-01-04,00:00:00,11.15,13.2,11.0,13.2,3551460
2021-01-05,00:00:00,13.0,13.0,12.3,12.5,1648225
2021-01-06,00:00:00,12.7,12.8,11.85,12.05,1338485
2021-01-07,00:00:00,12.1,12.35,11.6,11.75,1167630
2021-01-08,00:00:00,11.75,12.2,11.4,11.6,1181555
2021-01-11,00:00:00,12.2,12.2,11.05,11.4,1170875
2021-01-12,00:00:00,11.4,12.1,11.4,11.95,1362640
2021-01-13,00:00:00,12.15,12.15,11.4,11.75,1032370
2021-01-14,00:00:00,11.95,12.1,11.5,11.9,1052125
2021-01-15,00:00:00,11.8,12.0,11.3,11.5,1147590
2021-01-18,00:00:00,11.95,11.95,10.8,11.1,1358485
2021-01-19,00:00:00,11.4,11.4,11.15,11.3,1095045
2021-01-20,00:00:00,11.7,11.75,11.05,11.2,970080
2021-01-21,00:00:00,11.5,13.15,11.35,12.05,3972185
2021-01-22,00:00:00,12.15,12.6,11.85,12.05,1513400
2021-01-25,00:00:00,12.35,12.55,11.9,12.05,1113665
2021-01-27,00:00:00,12.65,12.65,11.9,11.95,1179770
2021-01-28,00:00:00,12.35,12.35,11.5,11.8,977640
2021-01-29,00:00:00,12.3,12.3,11.45,11.6,1038215
2021-02-01,00:00:00,12.0,12.1,11.6,11.7,1062940
2021-02-02,00:00:00,11.9,12.1,11.65,11.7,994370
2021-02-03,00:00:00,11.8,11.95,11.6,11.85,1081410
2021-02-04,00:00:00,11.8,12.55,11.8,12.4,1632015
2021-02-05,00:00:00,12.8,12.8,12.3,12.55,1379070
2021-02-08,00:00:00,12.75,13.35,12.6,13.1,1360875
2021-02-09,00:00:00,13.35,13.55,12.8,12.9,1547065
2021-02-10,00:00:00,13.0,13.3,12.6,12.85,1302025
2021-02-11,00:00:00,13.0,13.0,12.25,12.65,956675
2021-02-12,00:00:00,13.05,13.05,11.95,12.25,1014530
2021-02-15,00:00:00,12.4,12.5,11.45,11.75,1037825
2021-02-16,00:00:00,11.9,12.05,11.15,11.3,1448950
2021-02-17,00:00:00,11.4,11.8,11.4,11.5,982920
2021-02-18,00:00:00,12.0,12.0,11.3,11.45,962695
2021-02-19,00:00:00,11.9,11.9,11.25,11.4,934715
2021-02-22,00:00:00,11.75,11.75,11.05,11.25,1072525
2021-02-23,00:00:00,11.5,11.6,11.1,11.2,1082905
2021-02-24,00:00:00,11.45,12.55,11.2,11.3,896790
2021-02-25,00:00:00,11.4,11.7,11.1,11.3,1212005
2021-02-26,00:00:00,11.25,11.7,11.05,11.2,806020
2021-03-01,00:00:00,11.6,11.6,10.4,11.15,839425
2021-03-02,00:00:00,11.3,11.5,10.9,11.05,818555
2021-03-03,00:00:00,11.2,11.4,11.1,11.2,985655
2021-03-04,00:00:00,11.35,11.35,11.05,11.2,856205
2021-03-05,00:00:00,11.45,11.45,10.2,10.95,1009235
2021-03-08,00:00:00,11.1,11.45,10.6,11.1,830480
2021-03-09,00:00:00,11.2,11.3,10.9,11.0,842690
2021-03-10,00:00:00,11.1,11.1,10.25,10.8,848405
2021-03-12,00:00:00,10.9,11.0,10.7,10.8,695375
2021-03-15,00:00:00,11.0,11.0,10.2,10.4,1375585
2021-03-16,00:00:00,10.45,10.6,10.2,10.4,1001060
2021-03-17,00:00:00,10.4,10.7,10.25,10.35,854245
2021-03-18,00:00:00,10.5,10.7,10.05,10.15,816090
2021-03-19,00:00:00,10.3,10.3,10.0,10.15,831340
2021-03-22,00:00:00,10.2,10.35,10.0,10.15,798750
2021-03-23,00:00:00,10.3,10.35,10.0,10.05,1570235
2021-03-24,00:00:00,10.35,10.35,10.0,10.05,829230
2021-03-25,00:00:00,10.2,10.35,9.8,9.95,845295
2021-03-26,00:00:00,10.15,10.15,9.75,9.8,877245
2021-03-30,00:00:00,9.9,10.2,9.6,9.65,849280
2021-03-31,00:00:00,9.8,10.1,9.6,9.6,823385
2021-04-01,00:00:00,9.8,10.15,9.65,9.9,804965
2021-04-05,00:00:00,10.2,10.2,9.6,9.7,794325
2021-04-06,00:00:00,9.95,9.95,9.6,9.7,790160
2021-04-07,00:00:00,9.7,9.95,9.65,9.8,783100
2021-04-08,00:00:00,10.0,10.0,9.75,9.95,808905
2021-04-09,00:00:00,10.0,10.05,9.65,9.75,803450
2021-04-12,00:00:00,9.8,9.8,9.0,9.05,994320
2021-04-13,00:00:00,9.05,9.75,9.05,9.2,779200
2021-04-15,00:00:00,9.05,9.6,9.0,9.15,808240
2021-04-16,00:00:00,9.55,9.55,9.0,9.15,814545
2021-04-19,00:00:00,9.05,9.5,8.8,8.95,775195
2021-04-20,00:00:00,9.35,9.35,8.9,9.0,780395
2021-04-22,00:00:00,9.3,9.75,8.95,9.3,1002020
2021-04-23,00:00:00,9.3,9.45,8.8,9.0,790880
2021-04-26,00:00:00,9.5,9.5,9.0,9.05,835825
2021-04-27,00:00:00,9.15,9.35,9.1,9.25,801000
2021-04-28,00:00:00,9.35,9.35,9.1,9.2,805790
2021-04-29,00:00:00,9.35,9.55,9.05,9.15,842445
2021-04-30,00:00:00,9.1,9.25,9.05,9.15,725005
2021-05-03,00:00:00,9.25,9.3,9.05,9.25,787105
2021-05-04,00:00:00,9.4,9.7,9.25,9.35,1106555
2021-05-05,00:00:00,9.5,9.55,9.0,9.2,862095
2021-05-06,00:00:00,9.25,10.35,9.2,10.1,1349300
2021-05-07,00:00:00,10.55,10.9,10.15,10.3,1216950
2021-05-10,00:00:00,10.95,10.95,10.1,10.25,1156900
2021-05-11,00:00:00,10.0,10.75,10.0,10.3,774435
2021-05-12,00:00:00,10.6,11.45,10.25,10.9,1918605
2021-05-14,00:00:00,11.0,11.35,10.5,10.6,972320
2021-05-17,00:00:00,10.55,11.2,10.55,10.85,1244520
2021-05-18,00:00:00,11.15,11.15,10.65,10.75,904340
2021-05-19,00:00:00,10.9,10.95,10.5,10.6,885045
2021-05-20,00:00:00,10.7,10.95,10.65,10.75,814925
2021-05-21,00:00:00,10.9,10.9,10.25,10.65,835430
2021-05-24,00:00:00,10.75,10.75,10.3,10.45,792555
2021-05-25,00:00:00,10.6,10.8,10.25,10.75,1015375
2021-05-26,00:00:00,10.9,10.9,10.55,10.6,820695
2021-05-27,00:00:00,10.55,10.75,10.2,10.35,798430
2021-05-28,00:00:00,10.55,10.6,10.1,10.25,916235
2021-05-31,00:00:00,10.4,11.0,10.1,10.55,1138245
2021-06-01,00:00:00,10.75,10.75,10.3,10.35,794435
2021-06-02,00:00:00,10.45,10.6,10.2,10.3,865205
2021-06-03,00:00:00,10.45,10.65,10.35,10.55,876060
2021-06-04,00:00:00,10.65,10.75,10.4,10.5,1068820
2021-06-07,00:00:00,10.65,10.65,10.3,10.4,835740
2021-06-08,00:00:00,10.5,10.55,10.15,10.25,1145185
2021-06-09,00:00:00,10.45,10.9,10.3,10.35,1491285
2021-06-10,00:00:00,10.5,10.6,10.4,10.5,926070
2021-06-11,00:00:00,10.6,11.65,10.5,11.25,1847920
2021-06-14,00:00:00,11.3,13.5,10.7,12.75,9154145
2021-06-15,00:00:00,13.0,13.2,12.2,12.45,1825740
2021-06-16,00:00:00,12.65,14.35,12.45,13.65,10884915
2021-06-17,00:00:00,13.5,14.3,13.05,13.15,2290660
2021-06-18,00:00:00,13.4,14.3,12.25,13.45,4791790
2021-06-21,00:00:00,13.35,14.4,13.05,13.6,2726995
2021-06-22,00:00:00,13.85,14.2,13.6,13.85,1468295
2021-06-23,00:00:00,13.8,14.2,12.95,13.05,1796095
2021-06-24,00:00:00,13.3,13.55,12.35,12.55,1317750
2021-06-25,00:00:00,12.7,13.25,12.55,12.7,992180
2021-06-28,00:00:00,12.6,13.05,12.45,12.55,1138150
2021-06-29,00:00:00,12.75,12.85,12.5,12.55,1053780
2021-06-30,00:00:00,12.6,13.15,12.5,12.6,1486945
2021-07-01,00:00:00,12.8,12.8,12.45,12.5,1022000
2021-07-02,00:00:00,12.6,12.95,12.4,12.8,1212530
2021-07-05,00:00:00,12.95,14.9,12.85,14.2,7323280
2021-07-06,00:00:00,14.4,14.7,13.5,13.7,1994655
2021-07-07,00:00:00,13.8,14.05,13.55,13.65,1091960
2021-07-08,00:00:00,13.8,13.85,13.1,13.3,833815
2021-07-09,00:00:00,13.55,15.55,13.3,15.1,8152335
2021-07-12,00:00:00,15.5,18.1,15.25,16.15,23987850
2021-07-13,00:00:00,16.3,16.9,15.4,15.65,6103660
2021-07-14,00:00:00,15.7,16.4,15.5,15.7,4152035
2021-07-15,00:00:00,15.8,16.0,15.1,15.3,2508955
2021-07-16,00:00:00,15.45,15.7,15.05,15.2,1461975
2021-07-19,00:00:00,15.2,16.3,15.0,15.65,3941380
2021-07-20,00:00:00,15.7,15.7,14.05,14.7,3712070
2021-07-22,00:00:00,15.0,16.15,14.9,15.7,5000255
2021-07-23,00:00:00,15.8,16.15,14.95,15.7,2449265
2021-07-26,00:00:00,15.6,16.0,15.25,15.45,1970010
2021-07-27,00:00:00,15.65,15.85,15.05,15.15,2181895
2021-07-28,00:00:00,15.0,15.1,14.75,14.95,1291630
2021-07-29,00:00:00,15.1,15.95,15.05,15.3,4471995
2021-07-30,00:00:00,15.5,15.75,14.75,14.9,2223405
2021-08-02,00:00:00,15.1,15.3,14.65,14.95,1893675
2021-08-03,00:00:00,15.15,15.3,14.5,14.65,2055840
2021-08-04,00:00:00,14.8,15.05,14.3,14.45,1677010
2021-08-05,00:00:00,14.4,14.55,13.7,13.85,2168990
2021-08-06,00:00:00,13.85,14.55,13.85,14.3,1627950
2021-08-09,00:00:00,14.4,14.65,13.6,13.75,1383910
2021-08-10,00:00:00,13.9,14.05,13.15,13.55,1346220
2021-08-11,00:00:00,13.7,13.95,12.45,13.2,1866445
2021-08-12,00:00:00,13.5,13.9,13.35,13.6,1538375
2021-08-13,00:00:00,13.8,14.0,13.2,13.85,1724030
2021-08-16,00:00:00,14.6,14.65,13.7,14.1,2135920
2021-08-17,00:00:00,14.35,14.35,13.5,13.6,1146925
2021-08-18,00:00:00,13.6,13.8,13.2,13.25,1121530
2021-08-20,00:00:00,13.2,13.2,12.65,12.7,1029010
2021-08-23,00:00:00,12.75,13.1,11.55,11.8,1347910
2021-08-24,00:00:00,11.8,12.5,11.8,12.25,1320315
2021-08-25,00:00:00,12.55,12.85,12.3,12.5,1181275
2021-08-26,00:00:00,12.7,13.8,12.6,13.05,1989585
2021-08-27,00:00:00,13.05,13.2,12.7,13.1,1242280
2021-08-30,00:00:00,12.9,13.55,12.35,12.95,1337200
2021-08-31,00:00:00,12.9,13.25,12.7,12.75,1101465
2021-09-01,00:00:00,12.8,12.95,12.6,12.7,883335
2021-09-02,00:00:00,12.7,12.95,12.7,12.75,960340
2021-09-03,00:00:00,12.95,12.95,12.4,12.5,1252020
2021-09-06,00:00:00,12.7,15.0,12.65,15.0,7110685
2021-09-07,00:00:00,16.1,17.1,15.1,15.5,18790345
2021-09-08,00:00:00,15.4,17.0,15.4,16.9,9754005
2021-09-09,00:00:00,17.0,17.4,16.55,16.75,4498790
2021-09-13,00:00:00,16.95,17.05,16.2,16.3,1622035
2021-09-14,00:00:00,16.4,17.6,16.35,17.3,6416935
2021-09-15,00:00:00,17.45,17.7,16.55,17.0,1572495
2021-09-16,00:00:00,17.2,18.35,17.0,17.75,4673245
2021-09-17,00:00:00,17.9,18.35,16.45,17.2,2543765
2021-09-20,00:00:00,16.9,18.1,16.5,17.3,1649940
2021-09-21,00:00:00,17.55,18.0,17.3,17.5,4205500
2021-09-22,00:00:00,17.6,18.0,17.4,17.5,1326685
2021-09-23,00:00:00,17.65,18.35,17.45,17.75,2773830
2021-09-24,00:00:00,17.65,18.55,17.35,17.45,2783705
2021-09-27,00:00:00,17.65,17.9,17.3,17.4,1366365
2021-09-28,00:00:00,17.55,18.85,17.4,18.4,5004950
2021-09-29,00:00:00,18.1,19.55,18.0,18.85,4228930
2021-09-30,00:00:00,18.95,19.1,18.35,18.4,1874445
2021-10-01,00:00:00,18.4,19.1,18.4,18.8,1293300
2021-10-04,00:00:00,18.95,19.15,18.1,18.25,1823360
2021-10-05,00:00:00,18.25,19.35,18.25,19.2,2008780
2021-10-06,00:00:00,19.3,23.0,19.2,22.8,11186390
2021-10-07,00:00:00,23.2,24.4,22.8,23.0,7808550
2021-10-08,00:00:00,24.0,24.0,22.85,23.5,3737975
2021-10-11,00:00:00,23.4,24.0,22.65,23.0,1837250
2021-10-12,00:00:00,23.35,23.35,22.15,22.5,1067470
2021-10-13,00:00:00,22.9,22.9,21.0,21.3,1980940
2021-10-14,00:00:00,21.55,23.95,20.35,22.65,5162510
2021-10-18,00:00:00,22.7,23.8,22.6,23.15,3287675
2021-10-19,00:00:00,23.3,23.75,22.1,22.6,2175130
2021-10-20,00:00:00,22.8,23.5,22.25,23.15,1750240
2021-10-21,00:00:00,23.3,26.15,22.9,25.6,7077835
2021-10-22,00:00:00,26.6,28.45,25.9,27.95,13057220
2021-10-25,00:00:00,28.55,29.0,25.4,28.15,5742420
2021-10-26,00:00:00,28.15,29.9,26.4,26.8,5692150
2021-10-27,00:00:00,27.4,28.8,26.4,26.7,3324625
2021-10-28,00:00:00,26.7,27.45,25.4,25.65,1403140
2021-10-29,00:00:00,25.2,25.85,24.0,25.0,1449830
2021-11-01,00:00:00,25.0,26.25,24.8,25.05,920050
2021-11-02,00:00:00,25.2,26.9,25.2,26.45,1319140
2021-11-03,00:00:00,26.65,27.1,25.8,26.75,1031065
2021-11-04,00:00:00,26.9,27.1,26.8,26.9,223130
2021-11-08,00:00:00,27.55,27.8,26.8,27.55,1164425
2021-11-09,00:00:00,27.7,28.4,27.3,27.65,1449095
2021-11-10,00:00:00,27.6,28.4,27.45,27.75,865420
2021-11-11,00:00:00,27.9,28.45,26.15,28.15,1826960
2021-11-12,00:00:00,28.5,30.3,28.1,29.35,1959470
2021-11-15,00:00:00,29.8,32.9,29.3,32.0,4103375
2021-11-16,00:00:00,32.9,33.4,31.4,32.1,3095540
2021-11-17,00:00:00,32.8,33.4,32.2,32.9,1404560
2021-11-18,00:00:00,33.3,34.0,32.05,33.65,2935370
2021-11-22,00:00:00,34.2,34.2,32.2,33.25,1561770
2021-11-23,00:00:00,33.4,37.85,32.4,37.0,6567700
2021-11-24,00:00:00,37.3,38.0,36.9,37.1,1594005
2021-11-25,00:00:00,37.4,37.9,36.3,37.2,1090150
2021-11-26,00:00:00,36.4,37.4,34.6,35.3,1146750
2021-11-29,00:00:00,35.1,37.95,32.35,37.55,3638270
2021-11-30,00:00:00,38.0,39.0,36.6,37.15,3464580
2021-12-01,00:00:00,37.55,38.6,37.3,37.75,830075
2021-12-02,00:00:00,38.4,38.4,36.2,37.2,616840
2021-12-03,00:00:00,37.3,40.6,36.95,38.65,3631235
2021-12-06,00:00:00,39.0,40.55,38.8,39.3,1350785
2021-12-07,00:00:00,39.7,40.9,39.1,39.2,2461795
2021-12-08,00:00:00,39.6,40.2,37.0,37.65,1668305
2021-12-09,00:00:00,38.15,40.15,37.5,39.15,2122205
2021-12-10,00:00:00,39.0,40.75,38.3,39.7,1340580
2021-12-13,00:00:00,40.05,40.6,38.4,38.55,654690
2021-12-14,00:00:00,38.3,39.8,38.0,38.85,946175
2021-12-15,00:00:00,39.1,40.6,39.05,39.75,782655
2021-12-16,00:00:00,39.95,47.4,39.95,45.25,8982125
2021-12-17,00:00:00,45.55,46.4,44.0,45.0,2394315
2021-12-20,00:00:00,44.3,44.75,38.2,42.05,4450355
2021-12-21,00:00:00,44.45,45.8,42.05,42.95,1298805
2021-12-22,00:00:00,43.5,44.8,42.95,43.4,693595
2021-12-23,00:00:00,43.8,43.8,41.4,42.0,679270
2021-12-24,00:00:00,42.0,42.95,40.8,41.65,528395
2021-12-27,00:00:00,42.3,42.8,41.0,41.45,364805
2021-12-28,00:00:00,41.6,45.65,40.7,44.0,1978670
2021-12-29,00:00:00,44.15,45.0,43.0,43.15,836950
2021-12-30,00:00:00,43.35,49.9,42.4,47.95,2640035
2021-12-31,00:00:00,47.95,49.25,46.3,46.6,1069640
2022-01-03,00:00:00,46.6,50.0,46.0,49.7,3742880
2022-01-04,00:00:00,49.1,50.6,47.0,49.3,1709910
2022-01-05,00:00:00,49.7,50.3,48.4,48.85,705025
2022-01-06,00:00:00,48.05,52.0,47.65,51.35,2570045
2022-01-07,00:00:00,52.6,53.8,51.65,52.85,2092300
2022-01-10,00:00:00,52.8,53.75,52.7,53.7,770235
2022-01-11,00:00:00,53.75,53.75,52.05,52.5,667200
2022-01-12,00:00:00,52.95,53.75,52.4,52.8,901655
2022-01-13,00:00:00,52.8,53.6,52.4,52.85,591835
2022-01-14,00:00:00,52.85,59.6,52.85,58.75,3825935
2022-01-17,00:00:00,59.6,61.85,59.0,59.2,3451895
2022-01-18,00:00:00,59.6,65.8,59.1,63.5,3304935
2022-01-19,00:00:00,63.6,65.55,60.0,60.3,3807305
2022-01-20,00:00:00,60.6,64.25,60.4,63.35,1784985
2022-01-21,00:00:00,63.2,65.0,61.0,62.4,1406540
2022-01-24,00:00:00,62.95,66.6,60.6,65.55,4450425
2022-01-25,00:00:00,67.0,68.2,62.4,64.9,6859330
2022-01-27,00:00:00,63.0,67.0,63.0,64.75,1038555
2022-01-28,00:00:00,66.6,67.4,64.7,65.25,1184760
2022-01-31,00:00:00,66.2,67.8,64.9,65.55,1377490
2022-02-01,00:00:00,66.5,67.9,63.1,65.2,1025980
2022-02-02,00:00:00,65.75,66.85,65.15,65.55,554955
2022-02-03,00:00:00,65.55,70.8,65.4,68.15,3087215
2022-02-04,00:00:00,69.6,70.8,66.8,67.35,1479620
2022-02-07,00:00:00,67.3,70.25,67.3,68.5,1118200
2022-02-08,00:00:00,68.9,70.15,68.2,69.2,794085
2022-02-09,00:00:00,69.75,71.4,69.4,70.3,1295855
2022-02-10,00:00:00,70.9,71.3,69.2,69.65,621335
2022-02-11,00:00:00,71.0,71.0,66.4,67.05,1503030
2022-02-14,00:00:00,64.5,65.5,60.0,61.45,1714505
2022-02-15,00:00:00,60.4,65.0,60.4,64.6,1651710
2022-02-16,00:00:00,65.55,65.6,62.4,62.95,614350
2022-02-17,00:00:00,64.25,64.25,58.65,59.9,1064795
2022-02-18,00:00:00,58.4,59.35,55.8,56.15,2209685
2022-02-21,00:00:00,56.0,60.3,55.65,56.7,1899170
2022-02-22,00:00:00,56.2,59.4,54.65,58.95,2747550
2022-02-23,00:00:00,60.0,61.7,58.0,58.65,1294335
2022-02-24,00:00:00,55.2,58.45,54.2,54.35,1268340
2022-02-25,00:00:00,55.45,61.2,55.45,58.6,700080
2022-02-28,00:00:00,58.55,60.0,56.0,58.3,525310
2022-03-02,00:00:00,58.9,61.0,57.65,59.55,1452655
2022-03-03,00:00:00,59.6,60.9,59.0,59.25,412435
2022-03-04,00:00:00,59.25,59.65,57.05,57.7,347680
2022-03-07,00:00:00,57.15,58.15,54.6,56.65,361400
2022-03-08,00:00:00,55.7,59.2,55.7,58.25,596725
2022-03-09,00:00:00,59.8,65.2,58.6,63.2,2736980
2022-03-10,00:00:00,65.2,65.9,61.0,61.7,1267180
2022-03-11,00:00:00,62.4,63.3,61.25,62.15,707730
2022-03-14,00:00:00,62.4,63.4,61.45,62.45,422005
2022-03-15,00:00:00,62.4,64.9,60.4,61.15,870390
2022-03-16,00:00:00,63.0,63.0,60.95,61.7,800690
2022-03-17,00:00:00,62.2,63.65,61.25,61.65,1063785
2022-03-21,00:00:00,61.9,64.6,61.9,62.0,614785
2022-03-22,00:00:00,62.5,62.75,61.2,61.95,291965
2022-03-23,00:00:00,62.4,63.4,61.8,62.45,281575
2022-03-24,00:00:00,63.1,63.6,61.85,62.35,446375
2022-03-25,00:00:00,62.85,62.85,59.1,60.25,641070
2022-03-28,00:00:00,60.7,60.7,56.35,56.95,626860
2022-03-29,00:00:00,57.4,58.3,55.3,56.7,576480
2022-03-30,00:00:00,56.6,57.75,56.4,56.6,262085
2022-03-31,00:00:00,57.0,57.6,56.0,56.1,223850
2022-04-01,00:00:00,55.95,62.0,55.5,59.7,1268950
2022-04-04,00:00:00,61.2,63.65,59.6,59.8,1611475
2022-04-05,00:00:00,60.25,61.5,59.6,60.1,523410
2022-04-06,00:00:00,60.2,61.25,59.8,60.2,305780
2022-04-07,00:00:00,60.6,60.85,59.0,59.6,435560
2022-04-08,00:00:00,60.05,60.35,57.25,58.4,514460
2022-04-11,00:00:00,58.4,60.8,57.5,59.6,507085
2022-04-12,00:00:00,59.6,63.0,59.25,60.8,976665
2022-04-13,00:00:00,61.15,67.3,61.15,66.2,3629695
2022-04-18,00:00:00,69.2,76.5,66.75,75.15,4804940
2022-04-19,00:00:00,76.75,77.55,71.0,73.3,2019905
2022-04-20,00:00:00,74.0,75.3,68.45,70.25,1004220
2022-04-21,00:00:00,71.2,71.4,64.2,66.65,1829930
2022-04-22,00:00:00,67.2,69.9,65.4,66.35,961825
2022-04-25,00:00:00,63.2,67.5,63.2,66.85,299465
2022-04-26,00:00:00,65.6,67.8,64.2,66.75,309725
2022-04-27,00:00:00,65.45,66.4,63.45,63.8,211695
2022-04-28,00:00:00,63.7,63.8,60.6,61.5,167305
2022-04-29,00:00:00,61.4,63.1,61.0,61.6,167590
2022-05-02,00:00:00,61.6,63.0,58.55,60.1,115065
2022-05-04,00:00:00,60.2,61.2,57.7,59.8,181500
2022-05-05,00:00:00,59.8,62.2,58.1,61.7,95995
2022-05-06,00:00:00,62.4,62.5,59.25,62.2,156505
2022-05-09,00:00:00,62.2,62.6,59.2,59.85,105515
2022-05-10,00:00:00,59.2,59.85,56.85,57.15,73880
2022-05-11,00:00:00,54.3,58.4,54.3,57.1,220585
2022-05-12,00:00:00,55.95,56.55,54.9,55.35,67880
2022-05-13,00:00:00,52.65,58.0,52.65,55.6,64195
2022-05-16,00:00:00,55.6,57.6,55.4,56.4,43140
2022-05-17,00:00:00,58.0,58.75,56.7,57.8,32115
2022-05-18,00:00:00,59.8,59.8,58.0,59.0,118540
2022-05-19,00:00:00,58.0,58.4,56.6,56.95,23730
2022-05-20,00:00:00,56.95,57.4,55.1,56.8,47885
2022-05-23,00:00:00,56.0,58.7,53.95,54.35,126025
2022-05-24,00:00:00,54.4,55.0,51.85,53.4,175400
2022-05-25,00:00:00,51.0,55.0,50.7,51.65,97250
2022-05-26,00:00:00,51.5,51.5,49.05,49.05,175745
2022-05-27,00:00:00,46.8,48.95,46.6,47.45,109420
2022-05-30,00:00:00,47.6,49.8,47.6,49.8,47750
2022-05-31,00:00:00,50.6,52.3,50.6,52.3,33565
2022-06-01,00:00:00,54.7,54.9,53.35,54.9,38830
2022-06-02,00:00:00,57.65,57.65,52.2,54.9,139275
2022-06-03,00:00:00,56.0,56.8,52.4,54.5,46330
2022-06-06,00:00:00,53.6,55.75,52.0,52.75,26565
2022-06-07,00:00:00,53.6,53.6,50.4,50.7,33810
2022-06-08,00:00:00,51.4,51.4,50.0,51.0,24995
2022-06-09,00:00:00,50.0,52.55,49.0,50.8,177065
2022-06-10,00:00:00,50.7,51.5,50.0,50.05,139590
2022-06-13,00:00:00,49.55,52.55,47.55,52.55,79355
2022-06-14,00:00:00,52.95,55.0,51.05,54.35,63455
2022-06-15,00:00:00,55.3,57.0,53.0,55.7,153685
2022-06-16,00:00:00,55.7,55.8,52.9,52.9,74760
2022-06-17,00:00:00,50.6,52.0,50.25,50.6,83985
2022-06-20,00:00:00,50.4,50.6,48.1,48.1,31640
2022-06-21,00:00:00,46.4,48.95,45.8,46.55,59385
2022-06-22,00:00:00,46.6,48.8,44.85,48.55,27620
2022-06-23,00:00:00,49.6,49.8,46.4,47.6,18410
2022-06-24,00:00:00,47.0,49.75,46.15,48.55,34725
2022-06-27,00:00:00,49.4,50.55,47.6,48.8,24795
2022-06-28,00:00:00,47.2,48.7,47.2,47.85,25360
2022-06-29,00:00:00,48.2,48.2,45.45,47.15,23760
2022-06-30,00:00:00,47.15,47.15,45.15,45.6,22595
2022-07-01,00:00:00,43.65,46.8,43.65,46.0,21410
2022-07-04,00:00:00,46.9,47.4,43.7,43.85,51260
2022-07-05,00:00:00,43.1,45.4,41.65,44.7,79090
2022-07-06,00:00:00,44.95,45.8,43.95,44.45,35055
2022-07-07,00:00:00,43.55,45.45,42.7,45.25,191825
2022-07-08,00:00:00,45.55,46.4,43.5,45.45,46545
2022-07-11,00:00:00,45.4,47.75,44.45,45.5,39285
2022-07-12,00:00:00,45.85,46.9,43.6,46.05,20705
2022-07-13,00:00:00,46.8,47.2,45.25,46.1,9610
2022-07-14,00:00:00,46.65,46.65,44.4,45.65,16210
2022-07-15,00:00:00,44.8,45.75,44.0,44.75,28160
2022-07-18,00:00:00,44.75,45.0,43.1,44.05,28425
2022-07-19,00:00:00,42.2,44.7,42.2,43.75,50790
2022-07-20,00:00:00,44.8,44.8,43.2,43.6,39265
2022-07-21,00:00:00,43.0,45.0,42.4,43.95,106465
2022-07-22,00:00:00,43.8,44.8,43.1,44.4,37070
2022-07-25,00:00:00,43.2,45.6,43.2,43.85,68695
2022-07-26,00:00:00,43.15,45.0,42.0,43.0,56465
2022-07-27,00:00:00,44.5,44.5,42.4,43.15,25085
2022-07-28,00:00:00,44.15,44.4,42.15,43.3,112325
2022-07-29,00:00:00,42.05,44.05,42.05,43.15,83850
2022-08-01,00:00:00,43.6,44.45,42.75,44.35,91200
2022-08-02,00:00:00,45.4,45.4,42.7,42.95,216610
2022-08-03,00:00:00,43.45,44.0,41.4,43.25,136250
2022-08-04,00:00:00,43.4,44.35,42.1,43.2,96265
2022-08-05,00:00:00,42.35,43.35,41.05,41.3,274225
2022-08-08,00:00:00,41.9,43.0,41.15,42.55,118600
2022-08-10,00:00:00,43.35,44.4,41.0,43.95,504055
2022-08-11,00:00:00,46.0,46.0,42.85,44.25,76625
2022-08-12,00:00:00,44.3,44.9,42.3,43.4,92355
2022-08-16,00:00:00,44.3,44.4,42.45,43.45,96340
2022-08-17,00:00:00,42.6,44.4,41.6,43.55,53845
2022-08-18,00:00:00,42.8,44.75,41.65,43.6,49815
2022-08-19,00:00:00,43.55,44.0,42.55,43.3,66500
2022-08-22,00:00:00,43.7,43.7,42.0,42.9,52830
2022-08-23,00:00:00,42.8,43.4,41.2,43.15,44950
2022-08-24,00:00:00,43.3,43.3,41.65,42.8,248605
2022-08-25,00:00:00,42.0,43.6,42.0,42.6,48965
2022-08-26,00:00:00,43.4,43.4,42.05,42.65,24545
2022-08-29,00:00:00,42.8,42.8,41.6,41.95,50685
2022-08-30,00:00:00,41.95,42.4,40.6,41.85,72465
2022-09-01,00:00:00,41.6,41.95,40.4,41.05,61160
2022-09-02,00:00:00,42.15,42.15,40.6,41.45,25755
2022-09-05,00:00:00,41.75,41.75,40.2,40.8,38080
2022-09-06,00:00:00,40.25,41.5,38.75,41.4,122580
2022-09-07,00:00:00,40.9,43.5,40.3,43.35,195485
2022-09-08,00:00:00,43.9,45.5,42.8,45.5,159805
2022-09-09,00:00:00,47.4,47.55,44.4,44.95,74735
2022-09-12,00:00:00,44.2,45.95,42.7,45.1,84085
2022-09-13,00:00:00,47.2,47.2,45.0,45.55,108820
2022-09-14,00:00:00,46.8,47.8,44.0,47.45,236205
2022-09-15,00:00:00,48.3,49.8,47.25,49.35,149360
2022-09-16,00:00:00,50.35,51.85,49.1,50.9,267805
2022-09-19,00:00:00,52.0,53.45,51.25,53.45,156640
2022-09-20,00:00:00,56.0,56.1,54.0,56.1,215545
2022-09-21,00:00:00,57.0,58.6,54.0,54.15,280355
2022-09-22,00:00:00,55.4,56.0,53.4,54.6,126830
2022-09-23,00:00:00,55.4,55.4,51.9,52.9,225440
2022-09-26,00:00:00,52.5,54.2,50.25,53.35,239695
2022-09-27,00:00:00,55.8,55.8,53.45,53.95,113395
2022-09-28,00:00:00,53.9,53.9,51.25,51.8,76795
2022-09-29,00:00:00,50.9,54.4,49.25,53.25,185225
2022-09-30,00:00:00,52.2,54.15,51.15,53.75,62285
2022-10-03,00:00:00,55.0,55.0,51.2,51.75,68310
2022-10-04,00:00:00,53.45,53.45,50.7,51.5,56600
2022-10-06,00:00:00,52.65,52.65,50.05,50.65,63715
2022-10-07,00:00:00,51.2,53.2,49.65,53.2,380125
2022-10-10,00:00:00,54.75,57.9,53.65,53.9,377535
2022-10-11,00:00:00,54.55,55.8,52.45,53.5,171125
2022-10-12,00:00:00,54.8,54.8,53.2,53.7,67865
2022-10-13,00:00:00,54.8,54.8,53.4,53.7,72335
2022-10-14,00:00:00,54.45,54.8,53.0,53.4,84585
2022-10-17,00:00:00,53.4,53.4,50.05,51.25,60800
2022-10-18,00:00:00,51.3,54.0,51.2,51.6,72385
2022-10-19,00:00:00,51.6,54.3,49.55,52.55,83380
2022-10-20,00:00:00,52.55,55.0,49.55,49.75,917860
2022-10-21,00:00:00,53.0,58.6,51.0,55.4,1497370
2022-10-24,00:00:00,56.0,58.0,52.9,56.0,216430
2022-10-25,00:00:00,57.6,57.6,51.9,52.7,318230
2022-10-27,00:00:00,54.8,54.8,51.35,51.6,428025
2022-10-28,00:00:00,52.95,61.95,52.0,61.95,3550900
2022-10-31,00:00:00,64.4,68.0,62.35,63.55,3106425
2022-11-01,00:00:00,63.0,68.8,61.8,66.5,3027670
2022-11-02,00:00:00,66.5,67.8,62.75,63.45,1134585
2022-11-03,00:00:00,63.2,64.8,61.65,61.85,549125
2022-11-04,00:00:00,62.75,66.8,61.35,62.4,1241305
2022-11-07,00:00:00,64.2,74.8,62.9,73.8,6783525
2022-11-09,00:00:00,74.0,74.0,69.6,70.45,1387850
2022-11-10,00:00:00,70.45,73.0,68.8,69.9,1292650
2022-11-11,00:00:00,71.4,71.8,68.6,69.15,624920
2022-11-14,00:00:00,68.95,70.25,68.1,68.6,408540
2022-11-15,00:00:00,68.6,69.0,64.95,65.95,983200
2022-11-16,00:00:00,65.95,67.75,64.8,65.3,313455
2022-11-17,00:00:00,65.3,67.2,64.85,65.25,366330
2022-11-18,00:00:00,65.1,66.15,63.6,64.2,392485
2022-11-21,00:00:00,63.8,66.6,63.0,63.1,301570
2022-11-22,00:00:00,63.6,64.5,62.6,63.85,634855
2022-11-23,00:00:00,64.35,64.6,62.6,62.7,260330
2022-11-24,00:00:00,62.6,64.8,62.6,63.4,328390
2022-11-25,00:00:00,63.95,64.2,62.6,62.8,120065
2022-11-28,00:00:00,63.2,64.45,62.2,63.55,407585
2022-11-29,00:00:00,64.7,68.75,63.4,67.45,1389045
2022-11-30,00:00:00,68.4,72.5,68.1,71.8,2570200
2022-12-01,00:00:00,71.8,75.75,70.6,75.3,2169175
2022-12-02,00:00:00,75.55,75.55,72.85,73.65,656020
2022-12-05,00:00:00,73.5,74.2,70.25,70.65,613860
2022-12-06,00:00:00,70.2,74.5,69.05,73.7,911215
2022-12-07,00:00:00,73.5,80.95,72.4,74.75,6064450
2022-12-08,00:00:00,75.8,80.6,74.7,80.0,3470095
2022-12-09,00:00:00,80.4,80.65,77.0,78.45,1407610
2022-12-12,00:00:00,80.4,83.95,79.4,81.25,3492725
2022-12-13,00:00:00,82.1,82.2,78.75,79.3,918170
2022-12-14,00:00:00,78.8,80.5,76.4,77.3,767615
2022-12-15,00:00:00,77.8,80.4,77.6,79.8,1138725
2022-12-16,00:00:00,80.65,80.65,77.95,78.75,571020
2022-12-19,00:00:00,78.0,79.65,77.6,78.0,307130
2022-12-20,00:00:00,77.0,87.2,76.8,82.85,6396600
2022-12-21,00:00:00,85.2,91.7,83.55,90.95,6542550
2022-12-22,00:00:00,92.4,92.4,85.0,89.7,3192775
2022-12-23,00:00:00,88.0,89.7,83.0,83.7,1394500
2022-12-26,00:00:00,83.0,89.4,82.0,86.5,2261235
2022-12-27,00:00:00,86.8,89.7,85.3,86.1,1839985
2022-12-28,00:00:00,86.35,87.7,84.4,84.95,642405
2022-12-29,00:00:00,85.1,88.95,84.4,85.75,1275170
2022-12-30,00:00:00,86.55,87.8,85.0,85.5,410190
2023-01-02,00:00:00,86.45,89.2,85.25,85.85,1037315
2023-01-03,00:00:00,86.65,88.4,85.95,87.1,533800
2023-01-04,00:00:00,88.0,95.35,87.95,92.1,7089300
2023-01-05,00:00:00,92.6,94.7,86.8,89.15,3299605
2023-01-06,00:00:00,90.5,91.3,88.0,90.25,757470
2023-01-09,00:00:00,91.45,93.4,89.3,92.0,1149580
2023-01-10,00:00:00,92.85,93.0,90.8,92.0,981230
2023-01-11,00:00:00,91.6,91.9,89.6,90.3,883430
2023-01-12,00:00:00,90.55,90.55,81.8,83.05,2334620
2023-01-13,00:00:00,83.4,86.2,82.25,84.85,1514365
2023-01-16,00:00:00,84.7,85.4,82.8,84.15,438115
2023-01-17,00:00:00,84.2,84.2,81.4,82.05,286090
2023-01-18,00:00:00,82.5,83.65,81.2,81.85,425265
2023-01-19,00:00:00,81.35,81.8,80.4,80.65,349735
2023-01-20,00:00:00,80.4,85.75,80.4,84.15,1343065
2023-01-23,00:00:00,84.5,85.75,82.8,84.6,767120
2023-01-24,00:00:00,84.0,84.5,81.4,82.35,297555
2023-01-25,00:00:00,82.2,82.35,80.45,81.45,228840
2023-01-27,00:00:00,83.0,83.0,79.15,80.1,403670
2023-01-30,00:00:00,78.2,79.9,78.0,78.4,632635
2023-01-31,00:00:00,79.2,80.0,78.6,79.25,750255
2023-02-01,00:00:00,79.7,80.8,73.6,75.45,458250
2023-02-02,00:00:00,75.6,75.6,69.8,70.4,508555
2023-02-03,00:00:00,69.9,72.15,67.55,70.1,703175
2023-02-06,00:00:00,70.4,71.65,68.2,68.95,184080
2023-02-07,00:00:00,69.2,70.8,67.8,69.65,410175
2023-02-08,00:00:00,70.1,70.1,67.8,67.95,146415
2023-02-09,00:00:00,68.3,68.35,67.8,67.9,177915
2023-02-10,00:00:00,67.9,71.0,67.8,67.85,268625
2023-02-13,00:00:00,68.2,68.65,64.0,65.15,370335
2023-02-14,00:00:00,65.0,65.0,60.2,61.25,363550
2023-02-15,00:00:00,61.4,64.2,58.3,61.6,739510
2023-02-16,00:00:00,63.4,66.4,61.4,62.5,870640
2023-02-17,00:00:00,62.4,63.4,60.65,61.25,171750
2023-02-20,00:00:00,61.55,61.85,60.0,60.55,364180
2023-02-21,00:00:00,60.85,61.7,59.9,61.05,335590
2023-02-22,00:00:00,61.05,61.35,59.6,60.4,246730
2023-02-23,00:00:00,60.0,61.4,60.0,60.15,77980
2023-02-24,00:00:00,60.45,61.4,60.0,60.55,226770
2023-02-27,00:00:00,60.9,61.4,60.0,60.9,155300
2023-02-28,00:00:00,60.9,61.5,60.2,60.75,114885
2023-03-01,00:00:00,60.75,65.9,60.75,64.1,1184415
2023-03-02,00:00:00,64.35,64.5,63.1,63.6,260255
2023-03-03,00:00:00,63.7,65.35,63.4,63.9,240685
2023-03-06,00:00:00,64.2,64.65,62.4,62.55,273370
2023-03-08,00:00:00,62.55,62.95,61.15,61.6,263015
2023-03-09,00:00:00,61.8,62.9,60.8,61.25,124015
2023-03-10,00:00:00,60.9,61.6,60.2,61.15,87500
2023-03-13,00:00:00,61.5,61.5,57.6,58.45,239560
2023-03-14,00:00:00,57.6,58.7,55.05,57.05,244470
2023-03-15,00:00:00,57.9,61.8,57.4,58.7,1609600
2023-03-16,00:00:00,58.7,61.0,56.35,60.1,450230
2023-03-17,00:00:00,61.6,62.6,59.3,61.15,780455
2023-03-20,00:00:00,60.8,63.3,60.2,62.55,1043190
2023-03-21,00:00:00,62.05,63.9,61.5,63.55,500405
2023-03-22,00:00:00,64.2,64.4,63.15,64.2,454355
2023-03-23,00:00:00,64.4,64.4,62.65,63.05,162450
2023-03-24,00:00:00,63.05,65.0,62.3,63.75,254665
2023-03-27,00:00:00,64.75,65.0,63.05,63.95,429035
2023-03-28,00:00:00,64.3,64.95,63.05,64.75,252235
2023-03-29,00:00:00,63.75,65.8,63.75,65.45,757905
2023-03-31,00:00:00,65.8,67.35,64.0,64.15,1051185
2023-04-03,00:00:00,63.65,65.5,63.65,65.3,382970
2023-04-05,00:00:00,65.3,68.8,64.9,67.35,530935
2023-04-06,00:00:00,67.7,69.6,67.2,68.7,932390
2023-04-10,00:00:00,68.75,69.6,67.65,69.3,238530
2023-04-11,00:00:00,69.4,69.4,66.25,67.65,232620
2023-04-12,00:00:00,68.0,71.15,68.0,69.25,570050
2023-04-13,00:00:00,69.6,71.2,69.1,69.65,238385
2023-04-17,00:00:00,70.0,70.3,68.45,69.8,174010
2023-04-18,00:00:00,70.0,73.0,70.0,71.35,480615
2023-04-19,00:00:00,71.7,73.9,70.85,72.2,354790
2023-04-20,00:00:00,72.9,73.8,72.05,73.3,261030
2023-04-21,00:00:00,74.4,74.4,72.1,73.5,289350
2023-04-24,00:00:00,73.8,75.95,73.65,74.95,405455
2023-04-25,00:00:00,74.95,75.7,73.55,74.05,185115
2023-04-26,00:00:00,74.2,75.1,72.4,73.45,1222765
2023-04-27,00:00:00,73.8,73.85,71.0,71.6,326820
2023-04-28,00:00:00,72.3,74.0,71.45,72.35,295305
2023-05-02,00:00:00,72.8,72.8,69.1,69.95,168450
2023-05-03,00:00:00,69.05,72.35,69.05,70.7,463010
2023-05-04,00:00:00,70.8,71.05,69.2,70.0,217970
2023-05-05,00:00:00,69.3,70.95,68.9,69.9,151875
2023-05-08,00:00:00,70.15,70.4,68.3,68.75,214725
2023-05-09,00:00:00,69.3,70.05,68.85,68.95,77920
2023-05-10,00:00:00,68.4,69.8,67.25,69.3,93000
2023-05-11,00:00:00,69.4,70.3,69.0,69.15,70335
2023-05-12,00:00:00,69.55,71.2,68.15,70.15,602135
2023-05-15,00:00:00,72.0,75.0,70.4,73.2,1816890
2023-05-16,00:00:00,73.85,75.8,73.75,74.2,863360
2023-05-17,00:00:00,74.0,75.0,73.2,74.3,404940
2023-05-18,00:00:00,74.6,74.65,73.4,73.65,338250
2023-05-19,00:00:00,73.4,74.0,71.25,73.0,802275
2023-05-22,00:00:00,73.0,75.6,72.45,73.3,167815
2023-05-23,00:00:00,73.1,74.2,70.2,71.75,262195
2023-05-24,00:00:00,70.65,72.45,69.4,70.2,727480
2023-05-25,00:00:00,70.55,71.0,69.0,69.6,176860
2023-05-26,00:00:00,69.35,71.6,67.5,68.65,285770
2023-05-29,00:00:00,68.8,70.3,67.2,68.25,263965
2023-05-30,00:00:00,68.0,71.0,66.65,67.85,881160
2023-05-31,00:00:00,65.9,68.95,65.2,68.35,111780
2023-06-01,00:00:00,68.4,70.55,68.4,68.85,151175
2023-06-02,00:00:00,69.2,69.55,67.6,67.85,96450
2023-06-05,00:00:00,67.85,68.6,66.6,67.1,86465
2023-06-06,00:00:00,67.1,68.85,66.85,67.9,269580
2023-06-07,00:00:00,68.35,68.6,67.45,67.75,70560
2023-06-08,00:00:00,67.9,68.6,65.65,66.45,135560
2023-06-09,00:00:00,66.2,67.6,65.95,67.35,88980
2023-06-12,00:00:00,68.4,68.9,67.0,68.0,133030
2023-06-13,00:00:00,67.2,69.6,67.1,67.7,227010
2023-06-14,00:00:00,66.6,69.6,66.6,67.7,537105
2023-06-15,00:00:00,67.5,68.45,67.0,67.4,202065
2023-06-16,00:00:00,66.5,68.4,66.5,67.65,265305
2023-06-19,00:00:00,68.2,68.6,66.65,67.0,118460
2023-06-20,00:00:00,66.85,67.65,64.65,65.1,184325
2023-06-21,00:00:00,65.4,66.2,65.0,65.6,244690
2023-06-22,00:00:00,65.05,67.4,65.05,65.9,301120
2023-06-23,00:00:00,65.25,66.1,63.0,64.55,340270
2023-06-26,00:00:00,64.75,65.2,63.0,63.75,279860
2023-06-27,00:00:00,63.75,64.45,62.3,62.95,330505
2023-06-28,00:00:00,63.45,64.15,62.55,62.8,312325
2023-06-30,00:00:00,63.0,63.6,62.1,62.8,278695
2023-07-03,00:00:00,62.8,63.1,61.6,61.85,352185
2023-07-04,00:00:00,61.85,62.65,61.2,61.5,366120
2023-07-05,00:00:00,60.6,66.1,60.6,64.3,2029525
2023-07-06,00:00:00,64.7,65.8,64.45,64.8,521345
2023-07-07,00:00:00,65.05,65.2,64.0,64.85,253250
2023-07-10,00:00:00,65.05,65.6,63.8,64.25,155185
2023-07-11,00:00:00,64.4,65.3,63.8,64.5,456920
2023-07-12,00:00:00,64.5,65.2,64.0,64.25,232460
2023-07-13,00:00:00,63.6,64.65,62.4,62.85,225655
2023-07-14,00:00:00,63.15,64.95,62.35,63.7,120080
2023-07-17,00:00:00,63.0,65.45,63.0,64.65,354495
2023-07-18,00:00:00,64.65,65.0,63.4,64.4,233245
2023-07-19,00:00:00,64.6,64.8,63.6,64.2,252915
2023-07-20,00:00:00,63.95,64.6,63.3,63.95,171880
2023-07-21,00:00:00,63.55,64.6,62.8,64.1,362640
2023-07-24,00:00:00,63.95,65.0,62.45,63.1,492215
2023-07-25,00:00:00,63.1,63.95,62.2,63.1,604865
2023-07-26,00:00:00,63.4,63.55,62.7,63.2,463820
2023-07-27,00:00:00,63.2,63.75,61.4,62.1,225380
2023-07-28,00:00:00,62.0,63.0,61.4,61.85,236460
2023-07-31,00:00:00,61.85,62.75,61.3,61.9,163875
2023-08-01,00:00:00,63.6,72.95,63.6,67.9,12439815
2023-08-02,00:00:00,66.0,68.7,66.0,67.75,1457570
2023-08-03,00:00:00,67.8,69.4,66.4,67.65,1154550
2023-08-04,00:00:00,67.85,69.25,66.4,68.75,1033580
2023-08-07,00:00:00,68.75,69.25,63.8,67.55,1873965
2023-08-08,00:00:00,67.95,68.0,65.8,66.75,428225
2023-08-09,00:00:00,66.75,68.15,66.25,67.85,401405
2023-08-10,00:00:00,67.85,75.75,67.85,74.35,7494780
2023-08-11,00:00:00,74.35,79.0,72.6,78.6,4894775
2023-08-14,00:00:00,79.2,84.2,78.45,82.45,7132875
2023-08-16,00:00:00,81.8,85.4,78.35,78.55,3199040
2023-08-17,00:00:00,79.7,82.2,77.75,78.55,1584855
2023-08-18,00:00:00,79.95,81.75,76.6,77.4,1608960
2023-08-21,00:00:00,80.0,84.0,74.2,75.75,18669635
2023-08-22,00:00:00,77.55,81.9,75.15,80.5,5258210
2023-08-23,00:00:00,82.25,82.25,79.0,81.2,2054550
2023-08-24,00:00:00,81.9,81.95,79.6,80.3,867470
2023-08-25,00:00:00,79.7,81.0,78.7,80.3,1097570
2023-08-28,00:00:00,80.3,81.05,77.25,77.95,409005
2023-08-29,00:00:00,78.1,78.5,76.65,77.1,458430
2023-08-30,00:00:00,77.55,80.05,76.25,77.3,805705
2023-08-31,00:00:00,77.8,79.2,77.4,78.35,645270
2023-09-01,00:00:00,78.35,79.35,77.6,77.75,309400
2023-09-04,00:00:00,78.75,79.8,77.1,77.8,609625
2023-09-05,00:00:00,77.8,79.0,77.3,78.2,429755
2023-09-06,00:00:00,78.6,81.0,77.25,77.75,942305
2023-09-07,00:00:00,77.75,78.65,77.2,77.9,1230375
2023-09-08,00:00:00,78.7,80.0,76.9,77.35,1104375
2023-09-11,00:00:00,77.4,78.95,75.55,78.4,808920
2023-09-12,00:00:00,78.6,78.85,73.2,74.8,569540
2023-09-13,00:00:00,74.85,75.65,71.7,74.3,428260
2023-09-14,00:00:00,74.4,76.8,74.05,75.2,407215
2023-09-15,00:00:00,74.8,77.8,73.6,76.45,429365
2023-09-18,00:00:00,77.15,78.7,74.2,74.5,390885
2023-09-20,00:00:00,74.35,75.2,73.05,74.05,322030
2023-09-21,00:00:00,74.2,75.0,73.2,74.4,253675
2023-09-22,00:00:00,74.95,75.3,71.4,72.5,438895
2023-09-25,00:00:00,72.4,74.9,71.0,71.55,699875
2023-09-26,00:00:00,71.55,75.95,71.2,73.35,2065420
2023-09-27,00:00:00,73.4,79.7,72.7,77.7,5891830
2023-09-28,00:00:00,77.7,78.45,73.6,74.7,1947965
2023-09-29,00:00:00,75.4,77.0,75.05,76.65,452675
2023-10-03,00:00:00,76.65,78.0,75.2,77.35,1079890
2023-10-04,00:00:00,77.0,77.75,73.65,74.75,1376225
2023-10-05,00:00:00,75.35,76.1,74.05,74.65,440490
2023-10-06,00:00:00,74.65,75.65,73.2,73.5,452255
2023-10-09,00:00:00,73.2,74.5,71.65,73.2,195420
2023-10-10,00:00:00,73.2,74.3,73.05,73.65,110150
2023-10-11,00:00:00,73.6,74.4,71.85,72.3,366360
2023-10-12,00:00:00,72.2,73.25,71.4,71.85,210185
2023-10-13,00:00:00,71.3,72.5,70.25,71.35,337735
2023-10-16,00:00:00,71.0,72.45,69.4,69.8,408120
2023-10-17,00:00:00,70.2,78.8,70.2,75.75,6852665
2023-10-18,00:00:00,76.35,78.0,74.05,75.0,1383910
2023-10-19,00:00:00,74.8,76.8,74.15,76.05,508215
2023-10-20,00:00:00,75.8,77.3,74.8,75.5,606520
2023-10-23,00:00:00,75.95,75.95,70.2,71.0,601480
2023-10-25,00:00:00,72.1,76.4,68.4,72.15,685630
2023-10-26,00:00:00,72.6,77.6,69.6,70.55,2187490
2023-10-27,00:00:00,71.2,72.7,70.0,70.8,496925
2023-10-30,00:00:00,71.15,71.6,69.55,71.2,309900
2023-10-31,00:00:00,71.2,73.7,67.6,68.85,1179230
2023-11-01,00:00:00,69.35,70.7,68.0,68.4,205610
2023-11-02,00:00:00,68.4,69.4,66.8,67.2,363285
2023-11-03,00:00:00,67.8,68.0,66.0,67.05,632265
2023-11-06,00:00:00,67.6,69.3,66.8,68.0,731365
2023-11-07,00:00:00,68.0,69.05,67.25,68.05,256120
2023-11-08,00:00:00,68.15,69.5,67.9,68.45,182995
2023-11-09,00:00:00,68.0,68.55,66.4,66.9,384740
2023-11-10,00:00:00,67.0,68.35,66.8,67.55,179920
2023-11-12,00:00:00,68.4,69.2,67.5,68.55,114195
2023-11-13,00:00:00,68.9,68.9,67.4,67.95,136605
2023-11-15,00:00:00,68.2,68.75,66.25,66.8,449700
2023-11-16,00:00:00,67.15,67.9,66.5,66.9,174060
2023-11-17,00:00:00,66.9,67.35,65.6,66.1,221005
2023-11-20,00:00:00,66.1,66.65,65.1,65.75,89425
2023-11-21,00:00:00,65.95,67.4,65.85,66.45,179300
2023-11-22,00:00:00,66.75,67.2,65.6,66.1,138855
2023-11-23,00:00:00,65.9,67.0,65.6,66.35,139815
2023-11-24,00:00:00,66.05,67.2,65.05,66.75,229180
2023-11-28,00:00:00,67.6,68.15,66.15,67.25,222800
2023-11-29,00:00:00,68.4,68.45,66.6,66.75,228450
2023-11-30,00:00:00,66.7,68.0,66.7,67.15,151370
2023-12-01,00:00:00,67.4,68.0,66.45,66.55,169245
2023-12-04,00:00:00,67.75,67.75,66.55,66.75,92865
2023-12-05,00:00:00,66.55,67.6,65.8,66.2,184025
2023-12-06,00:00:00,66.2,66.75,64.6,65.1,352725
2023-12-07,00:00:00,65.3,65.8,64.4,64.55,185905
2023-12-08,00:00:00,65.4,65.8,64.4,65.25,199135
2023-12-11,00:00:00,66.0,66.9,65.15,66.3,248785
2023-12-12,00:00:00,67.2,67.2,64.4,64.85,253820
2023-12-13,00:00:00,65.0,65.75,64.4,64.9,183340
2023-12-14,00:00:00,65.3,65.75,64.0,64.15,308470
2023-12-15,00:00:00,64.4,64.8,63.5,63.8,201645
2023-12-18,00:00:00,63.8,65.1,63.8,64.45,176305
2023-12-19,00:00:00,64.8,64.8,63.7,64.15,145985
2023-12-20,00:00:00,63.75,64.5,59.0,60.25,763630
2023-12-21,00:00:00,59.1,61.8,58.35,61.45,490795
2023-12-22,00:00:00,61.45,62.65,60.35,61.1,176210
2023-12-26,00:00:00,61.4,61.4,60.35,60.9,179185
2023-12-27,00:00:00,60.9,61.4,59.9,60.45,462050
2023-12-28,00:00:00,60.75,61.25,58.95,59.25,240780
2023-12-29,00:00:00,59.25,61.1,59.25,60.7,537590
2024-01-01,00:00:00,61.2,63.8,61.15,62.2,331370
2024-01-02,00:00:00,62.5,63.1,61.0,61.65,115135
2024-01-03,00:00:00,61.9,63.0,59.75,61.75,437065
2024-01-04,00:00:00,61.75,63.8,61.4,62.7,636155
2024-01-05,00:00:00,63.1,63.55,61.9,62.65,332170
2024-01-08,00:00:00,63.05,63.15,61.65,61.95,175115
2024-01-09,00:00:00,62.4,62.75,60.8,61.45,240575
2024-01-10,00:00:00,61.25,62.3,61.25,61.5,120720
2024-01-11,00:00:00,61.85,62.1,60.8,61.0,154895
2024-01-12,00:00:00,61.0,61.75,60.2,60.4,211285
2024-01-15,00:00:00,60.4,62.05,60.2,61.2,371095
2024-01-16,00:00:00,60.6,61.55,59.6,60.0,193295
2024-01-17,00:00:00,59.6,60.8,58.05,58.8,490070
2024-01-18,00:00:00,58.4,59.4,57.0,57.8,324260
2024-01-19,00:00:00,57.8,59.35,56.2,56.65,514835
2024-01-20,00:00:00,56.8,57.6,56.65,57.05,139585
2024-01-23,00:00:00,57.6,58.7,55.45,56.85,1124280
2024-01-24,00:00:00,56.85,56.95,53.55,56.0,2131690
2024-01-25,00:00:00,56.35,60.8,56.0,57.85,1233070
2024-01-29,00:00:00,57.9,59.0,56.15,56.6,560805
2024-01-30,00:00:00,57.25,57.4,55.25,55.8,626830
2024-01-31,00:00:00,55.85,56.0,55.3,55.8,245615
2024-02-01,00:00:00,55.8,56.6,54.6,55.15,768330
2024-02-02,00:00:00,55.65,56.3,54.0,54.65,305050
2024-02-05,00:00:00,54.85,59.4,54.55,58.35,1809530
2024-02-06,00:00:00,60.95,70.05,59.2,69.2,23223670
2024-02-07,00:00:00,69.2,70.3,64.25,66.6,6748390
2024-02-08,00:00:00,65.4,66.5,63.8,65.0,1938385
2024-02-09,00:00:00,64.4,67.2,64.2,64.75,1658810
2024-02-12,00:00:00,65.15,70.8,64.1,68.65,4772870
2024-02-13,00:00:00,69.2,72.6,68.0,71.15,7622175
2024-02-14,00:00:00,69.7,72.1,68.45,69.75,1097095
2024-02-15,00:00:00,69.75,71.65,68.4,69.1,2145845
2024-02-16,00:00:00,69.15,72.3,68.6,69.15,1348635
2024-02-19,00:00:00,69.9,72.1,69.75,70.45,818170
2024-02-20,00:00:00,71.05,73.2,69.6,71.2,1522045
2024-02-21,00:00:00,71.2,78.2,71.05,75.55,10261680
2024-02-22,00:00:00,76.0,76.15,71.95,72.35,1570165
2024-02-23,00:00:00,72.5,76.2,72.2,72.9,2043855
2024-02-26,00:00:00,73.0,76.6,72.0,72.45,5359200
2024-02-27,00:00:00,72.75,79.4,72.15,72.75,16582790
2024-02-28,00:00:00,73.2,86.1,73.1,82.8,46378970
2024-02-29,00:00:00,81.15,87.4,78.2,85.15,34794930
2024-03-01,00:00:00,85.55,87.4,82.65,86.35,11701680
2024-03-02,00:00:00,84.7,85.2,82.8,83.95,392780
2024-03-04,00:00:00,83.65,85.15,79.05,80.05,2217035
2024-03-05,00:00:00,79.7,81.4,76.35,79.4,1850715
2024-03-06,00:00:00,78.8,80.8,76.0,76.65,1729735
2024-03-07,00:00:00,76.75,78.35,76.2,77.25,1067030
2024-03-11,00:00:00,77.1,77.1,72.4,73.05,492350
2024-03-12,00:00:00,73.75,74.55,68.3,70.05,660260
2024-03-13,00:00:00,68.15,71.4,65.0,67.7,788950
2024-03-14,00:00:00,69.4,70.4,66.25,66.75,908750
2024-03-15,00:00:00,66.5,67.75,65.6,65.95,300360
2024-03-18,00:00:00,66.2,69.0,65.4,65.85,633895
2024-03-19,00:00:00,66.15,68.2,65.6,66.25,783900
2024-03-20,00:00:00,67.15,67.2,65.55,66.15,445125
2024-03-21,00:00:00,66.4,68.0,65.6,66.2,596625
2024-03-22,00:00:00,66.0,67.75,65.8,66.45,4500550
2024-03-26,00:00:00,66.95,67.8,65.2,65.85,197890
2024-03-27,00:00:00,66.85,67.2,62.9,63.65,465780
2024-03-28,00:00:00,63.9,65.6,62.05,62.5,320495
2024-04-01,00:00:00,63.0,67.2,62.8,66.65,282860
2024-04-02,00:00:00,67.2,67.2,66.0,66.3,224255
2024-04-03,00:00:00,66.65,72.8,66.1,70.15,1275735
2024-04-04,00:00:00,70.6,71.85,69.0,70.95,421655
2024-04-05,00:00:00,71.6,72.9,70.55,71.4,591375
2024-04-08,00:00:00,71.8,72.45,69.1,69.6,287095
2024-04-09,00:00:00,70.1,71.45,68.45,69.2,385890
2024-04-10,00:00:00,69.2,69.8,67.6,68.2,351975
2024-04-12,00:00:00,67.95,69.25,67.5,68.4,190255
2024-04-15,00:00:00,68.4,68.4,63.8,64.6,180925
2024-04-16,00:00:00,64.6,67.15,64.1,66.2,225435
2024-04-18,00:00:00,66.7,67.3,64.6,65.25,416300
2024-04-19,00:00:00,65.2,65.95,63.8,65.4,70585
2024-04-22,00:00:00,65.25,66.5,64.25,64.8,129780
2024-04-23,00:00:00,65.05,67.0,64.95,66.4,164360
2024-04-24,00:00:00,66.85,67.8,66.1,66.75,74450
2024-04-25,00:00:00,67.8,67.85,66.6,67.25,212365
2024-04-26,00:00:00,67.25,71.0,67.0,67.35,962395
2024-04-29,00:00:00,67.75,68.65,67.0,67.5,275925
2024-04-30,00:00:00,67.9,69.05,67.2,68.45,111875
2024-05-02,00:00:00,68.45,70.95,68.0,70.4,289505
2024-05-03,00:00:00,70.45,72.0,68.1,68.45,1278695
2024-05-06,00:00:00,68.45,69.5,68.0,68.15,162675
2024-05-07,00:00:00,68.0,68.9,66.2,67.25,130525
2024-05-08,00:00:00,66.7,68.35,66.6,67.1,59155
2024-05-09,00:00:00,66.65,69.75,64.15,64.8,480385
2024-05-10,00:00:00,64.95,72.4,64.95,70.65,1363375
2024-05-13,00:00:00,71.0,75.0,69.35,72.7,975175
2024-05-14,00:00:00,72.7,74.4,72.1,72.9,413170
2024-05-15,00:00:00,72.4,74.2,69.1,69.65,618345
2024-05-16,00:00:00,70.1,72.0,68.4,69.5,252975
2024-05-17,00:00:00,70.15,71.0,69.45,70.4,128270
2024-05-18,00:00:00,70.4,72.4,70.2,70.75,45940
2024-05-21,00:00:00,71.05,71.15,69.0,69.4,163445
2024-05-22,00:00:00,69.75,70.2,69.45,69.85,438095
2024-05-23,00:00:00,70.1,70.9,69.0,69.4,89335
2024-05-24,00:00:00,69.0,69.75,67.95,68.4,137430
2024-05-27,00:00:00,69.0,69.45,66.6,67.2,184100
2024-05-28,00:00:00,67.8,68.8,65.2,66.0,173625
2024-05-29,00:00:00,69.0,69.0,64.6,66.15,259090
2024-05-30,00:00:00,65.65,67.6,65.1,66.45,90960
2024-05-31,00:00:00,67.5,67.5,64.0,64.7,101990
2024-06-03,00:00:00,67.1,69.55,67.0,68.05,426180
2024-06-04,00:00:00,68.05,68.3,60.2,63.6,191810
2024-06-05,00:00:00,62.7,66.6,62.2,64.5,167005
2024-06-06,00:00:00,64.95,67.35,64.95,66.8,113270
2024-06-07,00:00:00,66.8,67.4,65.6,67.1,57740
2024-06-10,00:00:00,66.4,68.05,66.4,67.6,96955
2024-06-11,00:00:00,68.6,73.0,67.25,72.5,977385
2024-06-12,00:00:00,72.95,75.3,72.05,73.2,909280
2024-06-13,00:00:00,73.1,74.4,71.0,71.6,236295
2024-06-14,00:00:00,72.35,74.4,71.25,73.75,574565
2024-06-18,00:00:00,73.6,74.6,72.0,72.8,145115
2024-06-19,00:00:00,72.9,73.75,70.25,70.9,185975
2024-06-20,00:00:00,70.9,73.5,70.05,72.05,445440
2024-06-21,00:00:00,72.75,73.15,70.3,70.55,314365
2024-06-24,00:00:00,70.55,71.7,70.0,70.65,88715
2024-06-25,00:00:00,70.95,74.4,70.1,70.75,1168370
2024-06-26,00:00:00,71.2,72.1,70.4,70.75,178990
2024-06-27,00:00:00,70.75,72.3,68.4,70.15,153455
2024-06-28,00:00:00,70.6,70.85,69.0,69.15,119550
2024-07-01,00:00:00,69.7,69.8,68.4,68.85,86865
2024-07-02,00:00:00,69.05,71.6,68.45,69.4,255895
2024-07-03,00:00:00,69.3,69.7,68.2,68.45,463625
2024-07-04,00:00:00,69.05,70.6,68.6,68.9,200665
2024-07-05,00:00:00,69.4,70.15,68.4,69.35,138185
2024-07-08,00:00:00,68.8,70.4,67.5,68.5,283145
2024-07-09,00:00:00,68.5,69.55,67.8,68.7,75795
2024-07-10,00:00:00,69.0,69.0,65.45,66.5,225915
2024-07-11,00:00:00,67.5,69.3,66.65,67.75,281135
2024-07-12,00:00:00,67.95,68.0,66.8,67.0,64190
2024-07-15,00:00:00,68.0,71.15,66.8,68.8,629965
2024-07-16,00:00:00,69.0,75.0,69.0,70.3,7317285
2024-07-18,00:00:00,70.2,76.0,70.2,74.4,3508290
2024-07-19,00:00:00,75.0,77.6,74.15,75.95,4300590
2024-07-22,00:00:00,76.0,79.05,74.3,75.7,1201685
2024-07-23,00:00:00,75.7,75.9,71.95,73.35,1622605
2024-07-24,00:00:00,73.3,75.7,73.0,73.75,794300
2024-07-25,00:00:00,73.75,74.75,72.5,74.3,433750
2024-07-26,00:00:00,75.0,77.2,73.6,75.5,1427625
2024-07-29,00:00:00,76.0,76.75,75.0,75.65,1815765
2024-07-30,00:00:00,75.65,79.2,74.7,75.8,1555995
2024-07-31,00:00:00,75.95,76.65,74.9,75.2,677445
2024-08-01,00:00:00,75.2,75.7,74.05,75.35,206490
2024-08-02,00:00:00,74.2,75.7,73.45,74.0,485030
2024-08-05,00:00:00,73.8,73.8,69.6,70.75,633895
2024-08-06,00:00:00,70.75,73.5,69.05,70.25,318670
2024-08-07,00:00:00,70.6,74.8,70.6,72.5,853340
2024-08-08,00:00:00,72.4,75.8,72.3,75.05,873200
2024-08-09,00:00:00,75.05,75.4,73.3,73.7,338295
2024-08-12,00:00:00,73.2,73.7,71.0,71.25,490075
2024-08-13,00:00:00,71.6,72.1,66.75,67.75,299585
2024-08-14,00:00:00,67.75,69.5,67.15,68.35,242995
2024-08-16,00:00:00,69.15,71.2,67.65,69.45,430905
2024-08-19,00:00:00,69.45,72.5,69.15,71.6,869310
2024-08-20,00:00:00,71.8,77.1,71.45,75.5,1740070
2024-08-21,00:00:00,75.75,76.1,74.2,74.65,407335
2024-08-22,00:00:00,74.6,76.35,72.5,73.05,196615
2024-08-23,00:00:00,73.4,76.2,72.45,74.7,703375
2024-08-26,00:00:00,74.7,77.6,73.75,75.25,1239350
2024-08-27,00:00:00,75.25,76.95,74.4,75.0,642085
2024-08-28,00:00:00,75.55,76.4,74.2,75.0,672835
2024-08-29,00:00:00,75.35,76.15,72.8,73.4,194200
2024-08-30,00:00:00,74.45,77.2,74.3,75.3,1223250
2024-09-02,00:00:00,75.5,76.6,73.85,74.35,567660
2024-09-03,00:00:00,74.85,74.85,72.45,73.25,166715
2024-09-04,00:00:00,72.8,76.6,72.25,76.3,955330
2024-09-05,00:00:00,76.65,79.5,74.25,74.55,632530
2024-09-06,00:00:00,74.2,75.4,72.7,73.1,183100
2024-09-09,00:00:00,73.05,74.2,71.5,72.6,499580
2024-09-10,00:00:00,72.8,73.75,72.45,72.9,154110
2024-09-11,00:00:00,72.25,73.45,71.0,71.5,379960
2024-09-12,00:00:00,71.1,74.0,71.1,73.2,581220
2024-09-13,00:00:00,73.2,73.55,72.0,72.25,297810
2024-09-16,00:00:00,72.45,73.0,70.4,70.95,215750
2024-09-17,00:00:00,71.35,72.75,69.5,69.85,310030
2024-09-18,00:00:00,70.15,71.4,69.75,70.0,862660
2024-09-19,00:00:00,69.45,70.55,68.8,69.35,122200
2024-09-20,00:00:00,69.35,76.4,69.35,72.25,7689715
2024-09-23,00:00:00,72.4,72.65,70.4,70.8,578085
2024-09-24,00:00:00,71.05,71.05,68.8,69.3,388405
2024-09-25,00:00:00,69.4,71.1,68.0,68.5,646845
2024-09-26,00:00:00,68.7,71.0,68.2,68.75,1380880
2024-09-27,00:00:00,68.8,71.6,68.0,68.4,243480
2024-09-30,00:00:00,68.3,71.3,67.95,68.95,1892325
2024-10-01,00:00:00,69.25,70.0,68.05,68.5,194090
2024-10-03,00:00:00,67.65,68.65,66.8,67.7,321705
2024-10-04,00:00:00,67.95,68.4,66.2,66.45,233035
2024-10-07,00:00:00,66.2,67.4,61.8,63.15,581660
2024-10-08,00:00:00,63.5,65.8,63.35,64.85,115360
2024-10-09,00:00:00,65.6,66.4,64.95,65.25,759220
2024-10-10,00:00:00,65.7,65.7,63.8,64.25,129980
2024-10-11,00:00:00,63.6,64.8,62.2,62.8,321040
2024-10-14,00:00:00,63.45,64.25,62.4,63.7,422845
2024-10-15,00:00:00,63.4,64.75,63.0,64.1,121580
2024-10-16,00:00:00,64.1,64.5,62.45,62.95,185420
2024-10-17,00:00:00,63.1,63.35,62.0,62.3,128575
2024-10-18,00:00:00,62.5,62.5,61.0,61.85,538675
2024-10-21,00:00:00,61.2,62.4,60.05,60.65,704005
2024-10-22,00:00:00,60.85,60.9,58.65,59.65,292995
2024-10-23,00:00:00,59.65,59.65,57.0,57.35,256155
2024-10-24,00:00:00,57.5,58.75,56.6,57.35,89355
2024-10-25,00:00:00,57.3,57.85,54.7,55.9,279650
2024-10-28,00:00:00,56.05,57.05,55.3,55.85,600520
2024-10-29,00:00:00,56.25,58.95,55.45,57.9,377835
2024-10-30,00:00:00,57.05,62.0,57.05,60.6,359165
2024-10-31,00:00:00,60.5,62.0,60.0,61.55,268795
2024-11-01,00:00:00,61.8,62.65,60.7,61.9,32865
2024-11-04,00:00:00,62.4,62.4,59.7,60.0,190775
2024-11-05,00:00:00,59.4,61.35,59.4,60.25,589305
2024-11-06,00:00:00,60.2,61.95,60.2,61.1,168475
2024-11-07,00:00:00,61.1,61.8,60.45,61.1,185275
2024-11-08,00:00:00,61.1,61.15,59.9,60.2,179960
2024-11-11,00:00:00,60.2,60.8,58.7,60.15,96205
2024-11-12,00:00:00,60.15,60.4,59.15,59.95,160990
2024-11-13,00:00:00,59.75,59.75,56.7,57.45,74815
2024-11-14,00:00:00,57.45,57.45,55.4,56.1,309290
2024-11-18,00:00:00,55.95,57.45,54.8,56.1,76030
2024-11-19,00:00:00,56.95,67.35,56.6,67.1,6389925
2024-11-21,00:00:00,70.0,71.75,62.3,63.15,6168655
2024-11-22,00:00:00,64.4,66.5,64.05,64.6,948090
2024-11-25,00:00:00,65.8,67.0,63.6,64.05,500535
2024-11-26,00:00:00,64.3,65.3,62.6,64.65,427230
2024-11-27,00:00:00,65.65,65.8,63.2,63.6,281390
2024-11-28,00:00:00,63.8,65.6,63.75,64.8,310400
2024-11-29,00:00:00,65.0,65.05,62.9,63.5,161000
2024-12-02,00:00:00,63.5,65.85,63.0,64.55,397985
2024-12-03,00:00:00,64.85,77.45,64.2,77.45,17725420
2024-12-04,00:00:00,78.0,81.4,76.45,78.85,7050270
2024-12-05,00:00:00,78.6,81.1,77.25,78.15,1297305
2024-12-06,00:00:00,78.6,78.95,77.05,77.7,641260
2024-12-09,00:00:00,76.95,83.0,76.7,79.05,2483440
2024-12-10,00:00:00,79.5,82.5,77.4,80.4,2708240
2024-12-11,00:00:00,81.6,81.95,79.6,80.45,1318820
2024-12-12,00:00:00,80.7,82.4,77.65,78.4,1106335
2024-12-13,00:00:00,78.8,79.7,77.0,77.35,968430
2024-12-16,00:00:00,78.0,86.3,78.0,85.55,11884345
2024-12-17,00:00:00,85.8,86.35,82.45,83.2,2464600
2024-12-18,00:00:00,83.75,84.75,81.2,82.65,1363550
2024-12-19,00:00:00,82.0,84.5,80.5,82.4,1589710
2024-12-20,00:00:00,82.7,84.4,78.5,78.85,3682055
2024-12-23,00:00:00,80.05,80.8,76.4,77.0,642100
2024-12-24,00:00:00,77.05,87.55,77.0,82.65,14194975
2024-12-26,00:00:00,81.15,83.6,79.5,80.25,2453420
2024-12-27,00:00:00,80.15,83.2,78.85,80.8,2223060
2024-12-30,00:00:00,81.55,82.35,78.4,78.9,881030
2024-12-31,00:00:00,78.9,80.6,78.7,79.25,594970
2025-01-01,00:00:00,80.4,86.3,79.6,84.6,5470420
2025-01-02,00:00:00,85.2,87.3,84.0,86.75,3501255
2025-01-03,00:00:00,86.75,88.9,85.3,87.8,5429930
2025-01-06,00:00:00,87.8,88.75,82.65,83.2,1731305
2025-01-07,00:00:00,84.4,89.7,84.2,89.0,7654270
2025-01-08,00:00:00,91.2,94.25,88.0,88.7,9672895
2025-01-09,00:00:00,89.0,90.5,86.45,87.25,2166605
2025-01-10,00:00:00,87.85,88.7,83.05,83.85,1252345
2025-01-13,00:00:00,83.2,84.75,78.4,79.75,3055645
2025-01-14,00:00:00,81.25,82.05,78.25,79.5,1352075
2025-01-15,00:00:00,80.55,81.6,77.9,78.3,1008100
2025-01-16,00:00:00,79.75,90.35,79.75,84.15,14358905
2025-01-17,00:00:00,83.95,84.0,79.65,80.15,1636580
2025-01-20,00:00:00,80.5,81.9,78.35,78.9,2207370
2025-01-21,00:00:00,79.4,79.8,77.4,78.1,833315
2025-01-22,00:00:00,78.6,79.1,76.65,77.95,1504460
2025-01-23,00:00:00,78.0,79.6,77.3,77.8,752455
2025-01-24,00:00:00,77.95,85.4,77.95,82.75,12206930
2025-01-27,00:00:00,81.8,82.4,79.0,80.65,1389350
2025-01-28,00:00:00,80.35,83.4,78.75,81.8,1575690
2025-01-29,00:00:00,82.1,85.0,80.8,81.75,2079365
2025-01-30,00:00:00,82.0,84.8,81.45,83.05,1883670
2025-01-31,00:00:00,84.35,86.0,82.2,83.85,1628690
2025-02-01,00:00:00,83.6,84.2,80.05,82.35,934990
2025-02-03,00:00:00,83.0,87.35,81.2,84.75,3769275
2025-02-04,00:00:00,86.9,87.05,83.6,84.2,1490910
2025-02-05,00:00:00,84.35,88.15,83.0,83.75,2178955
2025-02-06,00:00:00,84.2,85.35,83.3,83.95,807000
2025-02-07,00:00:00,84.2,84.3,78.8,79.4,1523050
2025-02-10,00:00:00,79.6,81.45,79.3,80.45,924940
2025-02-11,00:00:00,80.2,80.2,75.65,76.75,968615
2025-02-12,00:00:00,77.0,78.15,72.75,78.0,3197605
2025-02-13,00:00:00,77.4,78.0,75.45,76.4,572790
2025-02-14,00:00:00,76.4,77.5,72.05,72.4,950520
2025-02-17,00:00:00,72.15,74.4,70.35,71.75,953825
2025-02-18,00:00:00,71.4,72.35,66.65,67.4,2417670
2025-02-19,00:00:00,67.35,68.6,65.75,67.45,2468325
2025-02-20,00:00:00,68.55,74.35,68.55,71.05,3481595
2025-02-21,00:00:00,70.6,76.9,69.2,71.05,3890400
2025-02-24,00:00:00,71.65,75.3,70.25,73.4,3134830
2025-02-25,00:00:00,74.15,79.4,72.0,74.8,11463000
2025-02-27,00:00:00,75.0,77.05,68.0,68.95,5013280
2025-02-28,00:00:00,73.1,82.7,70.2,82.7,14146548
2025-03-03,00:00:00,77.5,81.9,75.51,78.7,6582068
2025-03-04,00:00:00,74.1,77.37,68.2,69.11,3240168
2025-03-05,00:00:00,68.85,69.89,63.76,64.35,4001947
2025-03-06,00:00:00,65.0,66.0,62.63,63.09,1687636
2025-03-07,00:00:00,63.58,64.65,62.05,62.49,1418869
2025-03-10,00:00:00,63.0,64.7,60.32,64.08,2213026
2025-03-11,00:00:00,63.01,64.5,61.5,63.03,1130939
2025-03-12,00:00:00,63.0,63.23,61.0,61.5,664342
2025-03-13,00:00:00,61.94,62.6,60.11,60.68,1347838
2025-03-17,00:00:00,61.29,61.76,59.8,60.11,774838
2025-03-18,00:00:00,60.4,60.74,59.55,59.97,405807
2025-03-19,00:00:00,59.96,61.52,58.08,58.45,1444829
2025-03-20,00:00:00,58.75,59.78,56.94,58.42,2169384
2025-03-21,00:00:00,58.5,59.0,57.5,57.71,1054108
2025-03-24,00:00:00,57.76,59.37,56.66,58.82,1340203
2025-03-25,00:00:00,59.85,59.85,56.02,56.45,811911
2025-03-26,00:00:00,56.4,57.7,54.7,55.26,1372179
2025-03-27,00:00:00,55.52,66.31,54.14,66.3,7589252
2025-03-28,00:00:00,66.0,72.4,63.72,71.37,9109297
