Date,Timestamp,Open,High,Low,Close,Volume
2016-01-11,00:00:00,65.0,65.0,65.0,65.0,0
2016-01-18,00:00:00,53.65,53.65,53.65,53.65,1800
2016-01-19,00:00:00,64.35,64.35,64.35,64.35,1800
2016-01-27,00:00:00,66.35,66.35,66.35,66.35,1800
2016-03-11,00:00:00,66.65,66.65,66.65,66.65,3600
2016-03-17,00:00:00,53.35,53.35,53.35,53.35,1800
2016-03-18,00:00:00,64.0,64.0,64.0,64.0,1800
2016-04-18,00:00:00,64.0,64.0,64.0,64.0,0
2016-04-25,00:00:00,64.0,64.0,64.0,64.0,1800
2016-04-27,00:00:00,66.65,66.65,66.65,66.65,1800
2016-04-29,00:00:00,68.35,68.35,68.35,68.35,1800
2016-05-02,00:00:00,68.35,68.35,68.35,68.35,3600
2016-05-03,00:00:00,68.35,68.35,68.35,68.35,10800
2016-05-06,00:00:00,68.35,68.35,68.35,68.35,1800
2016-05-09,00:00:00,68.35,68.35,68.35,68.35,1800
2016-06-03,00:00:00,56.65,56.65,56.65,56.65,1800
2016-06-07,00:00:00,67.35,67.35,65.0,65.0,3600
2016-06-27,00:00:00,53.65,53.65,53.65,53.65,1800
2016-07-07,00:00:00,63.35,63.35,63.35,63.35,1800
2016-07-13,00:00:00,63.35,63.35,63.35,63.35,1800
2016-07-19,00:00:00,65.0,65.0,63.35,63.35,10800
2016-07-20,00:00:00,66.65,66.65,66.65,66.65,1800
2016-07-22,00:00:00,63.35,63.35,63.35,63.35,1800
2016-07-29,00:00:00,68.35,68.35,66.65,66.65,3600
2016-08-05,00:00:00,66.65,66.65,66.65,66.65,1800
2016-08-11,00:00:00,66.65,66.65,66.65,66.65,5400
2016-09-09,00:00:00,63.35,63.35,63.35,63.35,1800
2016-09-14,00:00:00,63.35,63.35,63.35,63.35,3600
2016-09-19,00:00:00,65.35,66.65,65.35,66.65,3600
2016-09-23,00:00:00,63.35,63.35,63.35,63.35,1800
2016-09-26,00:00:00,63.35,63.35,63.35,63.35,1800
2016-09-28,00:00:00,63.35,63.35,63.35,63.35,1800
2016-10-04,00:00:00,61.65,61.65,61.65,61.65,1800
2016-10-17,00:00:00,56.65,56.65,56.65,56.65,1800
2016-11-03,00:00:00,65.0,65.0,65.0,65.0,1800
2016-11-10,00:00:00,65.0,65.0,65.0,65.0,1800
2017-01-31,00:00:00,65.0,65.0,65.0,65.0,1800
2017-02-10,00:00:00,60.65,60.65,60.65,60.65,1800
2017-02-27,00:00:00,66.65,66.65,66.65,66.65,1800
2017-02-28,00:00:00,53.35,53.35,53.35,53.35,1800
2017-03-01,00:00:00,63.35,63.35,63.35,63.35,1800
2017-03-10,00:00:00,63.35,63.35,63.35,63.35,1800
2017-03-14,14:00:00,53.85,53.85,53.85,53.85,1800
2017-03-29,00:00:00,56.65,63.35,56.65,63.35,14400
2017-03-30,00:00:00,76.0,76.0,60.0,60.0,18000
2017-03-31,00:00:00,70.65,70.65,70.65,70.65,1800
2017-04-03,00:00:00,70.0,70.0,70.0,70.0,1800
2017-04-05,00:00:00,71.65,72.0,71.65,71.85,7200
2017-04-06,00:00:00,70.0,70.0,70.0,70.0,1800
2017-04-07,00:00:00,73.35,76.65,73.35,76.35,756000
2017-04-10,00:00:00,78.35,91.6,78.35,91.35,10800
2017-04-11,00:00:00,91.35,91.35,91.35,91.35,1800
2017-04-17,00:00:00,83.35,83.35,83.35,83.35,1800
2017-04-18,00:00:00,83.35,83.65,83.35,83.5,10800
2017-04-19,00:00:00,76.65,76.65,76.65,76.65,1800
2017-04-20,00:00:00,76.65,80.0,73.35,80.0,10800
2017-04-21,00:00:00,77.35,80.0,77.35,80.0,3600
2017-04-24,00:00:00,78.85,78.85,78.85,78.85,1800
2017-04-25,00:00:00,83.35,86.75,83.35,86.7,9000
2017-04-27,00:00:00,88.0,88.35,88.0,88.35,3600
2017-04-28,00:00:00,80.0,80.0,79.65,79.65,3600
2017-05-02,00:00:00,86.0,86.65,86.0,86.35,5400
2017-05-03,00:00:00,91.65,91.65,91.65,91.65,1800
2017-05-04,00:00:00,87.0,87.0,87.0,87.0,1800
2017-05-08,00:00:00,88.35,94.65,88.35,94.5,12600
2017-05-09,00:00:00,96.0,100.0,96.0,100.0,3600
2017-05-12,00:00:00,100.0,100.0,100.0,100.0,1800
2017-05-15,00:00:00,100.0,100.0,100.0,100.0,7200
2017-05-16,00:00:00,96.65,96.65,91.7,91.7,3600
2017-05-17,00:00:00,91.65,99.35,91.65,99.35,3600
2017-05-18,00:00:00,93.65,109.25,93.65,109.25,12600
2017-05-19,00:00:00,100.0,100.5,100.0,100.5,9000
2017-05-23,00:00:00,98.65,110.0,98.65,109.65,19800
2017-05-25,00:00:00,99.35,99.35,99.35,99.35,1800
2017-05-29,00:00:00,92.0,109.25,92.0,109.25,3600
2017-05-30,00:00:00,110.3,111.0,110.3,110.55,5400
2017-05-31,00:00:00,102.3,102.3,102.3,102.3,1800
2017-06-01,12:00:00,103.35,112.35,103.35,110.35,5400
2017-06-02,00:00:00,116.65,121.35,116.65,121.35,7200
2017-06-05,00:00:00,125.0,125.0,125.0,125.0,1800
2017-06-06,15:00:00,118.35,118.35,118.35,118.35,1800
2017-06-08,00:00:00,118.35,118.35,118.35,118.35,1800
2017-06-14,00:00:00,112.4,112.4,112.4,112.4,1800
2017-06-16,00:00:00,116.65,116.65,116.65,116.65,1800
2017-06-22,15:00:00,113.0,113.0,113.0,113.0,1800
2017-07-10,00:00:00,118.35,118.35,107.7,110.45,7200
2017-07-11,00:00:00,115.65,115.65,105.05,105.05,5400
2017-07-13,00:00:00,101.35,101.35,101.35,101.35,1800
2017-07-17,00:00:00,97.5,106.4,97.5,106.4,3600
2017-07-18,00:00:00,101.1,101.1,101.1,101.1,1800
2017-07-19,00:00:00,103.35,103.35,96.3,96.3,5400
2017-07-20,00:00:00,101.1,101.1,101.1,101.1,1800
2017-07-21,00:00:00,97.5,106.15,97.35,103.0,10800
2017-07-26,00:00:00,108.15,108.15,108.15,108.15,1800
2017-07-28,00:00:00,106.65,106.65,106.65,106.65,1800
2017-08-01,00:00:00,106.65,112.0,106.65,112.0,3600
2017-08-02,00:00:00,117.6,117.6,117.6,117.6,1800
2017-08-03,00:00:00,116.65,118.35,116.35,116.35,9000
2017-08-07,00:00:00,116.65,116.65,116.65,116.65,1800
2017-08-09,00:00:00,116.65,118.35,116.65,118.35,30600
2017-08-10,00:00:00,118.0,118.35,118.0,118.35,3600
2017-08-11,00:00:00,118.35,118.35,118.35,118.35,5400
2017-08-14,00:00:00,116.65,116.65,116.65,116.65,18000
2017-08-16,00:00:00,118.35,118.35,118.35,118.35,1800
2017-08-17,00:00:00,120.0,123.35,118.35,118.35,7200
2017-08-21,00:00:00,120.0,120.0,120.0,120.0,1800
2017-08-22,00:00:00,126.0,126.0,126.0,126.0,5400
2017-08-23,00:00:00,131.65,132.3,131.65,132.3,12600
2017-08-29,00:00:00,127.65,127.65,127.65,127.65,1800
2017-08-30,00:00:00,126.65,130.0,126.65,130.0,10800
2017-08-31,00:00:00,126.65,128.35,126.65,128.35,21600
2017-09-04,00:00:00,123.35,123.35,123.35,123.35,1800
2017-09-05,00:00:00,129.35,129.5,129.35,129.35,19800
2017-09-06,00:00:00,130.0,133.0,130.0,132.75,18000
2017-09-07,00:00:00,130.65,133.35,130.2,132.8,73800
2017-09-12,00:00:00,131.65,133.35,126.35,126.35,12600
2017-09-13,00:00:00,131.65,131.65,120.35,120.35,3600
2017-09-14,00:00:00,116.0,116.0,116.0,116.0,1800
2017-09-15,00:00:00,116.0,116.0,116.0,116.0,3600
2017-09-20,00:00:00,121.8,121.8,121.8,121.8,5400
2017-09-21,00:00:00,127.9,127.9,118.65,118.65,18000
2017-09-22,00:00:00,124.6,124.6,118.0,118.0,5400
2017-09-26,12:00:00,113.35,120.0,113.35,120.0,3600
2017-09-27,00:00:00,117.0,117.0,116.65,116.65,3600
2017-10-10,00:00:00,121.65,121.65,110.85,110.85,3600
2017-10-12,00:00:00,116.4,116.4,116.4,116.4,1800
2017-10-13,00:00:00,122.2,122.2,122.2,122.2,9000
2017-10-16,00:00:00,128.3,128.3,128.3,128.3,36000
2017-10-17,00:00:00,134.65,134.7,130.0,132.65,63000
2017-10-18,00:00:00,135.0,135.0,135.0,135.0,7200
2017-10-19,00:00:00,135.0,135.0,135.0,135.0,3600
2017-10-23,00:00:00,131.65,131.65,131.65,131.65,7200
2017-10-24,00:00:00,132.0,132.0,130.0,131.1,7200
2017-10-25,00:00:00,133.35,133.35,133.35,133.35,7200
2017-10-27,00:00:00,133.35,133.35,133.35,133.35,1800
2017-10-30,00:00:00,136.35,136.35,133.35,133.35,3600
2017-10-31,00:00:00,135.0,135.0,135.0,135.0,9000
2017-11-01,00:00:00,135.35,138.65,130.35,138.65,25200
2017-11-02,00:00:00,137.0,137.0,136.65,136.65,3600
2017-11-03,00:00:00,138.35,140.0,138.35,140.0,9000
2017-11-06,00:00:00,140.85,140.85,140.85,140.85,1800
2017-11-08,00:00:00,138.35,138.35,138.35,138.35,1800
2017-11-09,00:00:00,144.65,145.0,144.65,145.0,5400
2017-11-10,00:00:00,140.0,143.35,140.0,143.35,3600
2017-11-13,00:00:00,146.65,146.65,146.65,146.65,3600
2017-11-14,00:00:00,145.0,154.0,145.0,153.35,10800
2017-11-15,00:00:00,153.35,153.35,153.35,153.35,1800
2017-11-17,00:00:00,153.35,155.0,148.35,148.35,7200
2017-11-21,00:00:00,151.65,155.0,151.65,153.35,7200
2017-11-22,00:00:00,158.35,161.0,158.35,161.0,5400
2017-11-23,00:00:00,161.15,161.15,161.0,161.1,3600
2017-11-24,00:00:00,169.0,169.0,169.0,169.0,1800
2017-11-27,00:00:00,176.65,177.35,176.65,177.35,7200
2017-11-28,00:00:00,181.65,183.35,181.65,182.5,3600
2017-11-29,00:00:00,191.6,191.6,191.6,191.6,7200
2017-12-01,00:00:00,193.65,199.65,193.65,199.65,3600
2017-12-06,00:00:00,189.7,189.7,189.7,189.7,1800
2017-12-12,13:00:00,187.0,187.0,187.0,187.0,1800
2017-12-15,00:00:00,178.35,178.35,178.35,178.35,1800
2017-12-20,00:00:00,187.0,187.0,187.0,187.0,1800
2017-12-26,00:00:00,188.35,188.35,188.35,188.35,3600
2018-01-01,00:00:00,188.35,188.35,188.35,188.35,1800
2018-01-03,00:00:00,190.0,190.0,188.35,188.35,5400
2018-01-05,00:00:00,188.35,188.35,179.0,179.0,3600
2018-01-09,00:00:00,170.05,170.05,170.05,170.05,1800
2018-01-10,00:00:00,178.55,178.55,178.55,178.55,5400
2018-01-16,00:00:00,183.35,187.45,183.35,187.0,30600
2018-01-17,00:00:00,196.35,196.35,193.35,193.35,16200
2018-01-18,00:00:00,200.0,203.0,190.0,196.35,10800
2018-01-19,00:00:00,203.0,205.0,203.0,205.0,3600
2018-01-22,00:00:00,205.65,205.65,205.65,205.65,1800
2018-01-24,00:00:00,215.95,215.95,215.95,215.95,1800
2018-01-29,00:00:00,215.65,215.95,215.65,215.95,3600
2018-01-30,00:00:00,205.2,205.2,205.2,205.2,3600
2018-02-06,00:00:00,195.0,195.0,195.0,195.0,1800
2018-02-12,00:00:00,195.0,195.0,195.0,195.0,3600
2018-02-14,00:00:00,195.0,195.0,195.0,195.0,1800
2018-02-15,00:00:00,194.65,194.65,194.65,194.65,1800
2018-02-20,00:00:00,186.65,186.65,186.65,186.65,1800
2018-02-28,00:00:00,178.35,178.35,178.35,178.35,1800
2018-03-06,00:00:00,173.35,173.35,173.35,173.35,1800
2018-03-09,00:00:00,170.0,173.35,170.0,173.35,5400
2018-03-13,00:00:00,178.65,178.65,178.65,178.65,1800
2018-03-14,00:00:00,179.0,179.0,170.0,170.0,5400
2018-03-19,00:00:00,170.0,170.0,170.0,170.0,1800
2018-03-26,00:00:00,170.35,170.35,170.35,170.35,1800
2018-03-27,00:00:00,163.35,163.35,163.35,163.35,1800
2018-03-28,00:00:00,155.15,158.45,155.15,158.45,3600
2018-04-11,00:00:00,155.0,155.0,155.0,155.0,1800
2018-04-25,00:00:00,154.0,154.0,154.0,154.0,1800
2018-05-15,00:00:00,161.65,161.65,161.65,161.65,1800
2018-06-06,00:00:00,169.75,169.75,169.35,169.35,3600
2018-06-07,00:00:00,177.65,177.65,177.65,177.65,3600
2018-06-11,00:00:00,186.55,186.55,186.55,186.55,3600
2018-06-12,00:00:00,194.0,194.0,194.0,194.0,1800
2018-06-13,00:00:00,194.0,194.0,194.0,194.0,1800
2018-06-19,00:00:00,193.95,193.95,193.95,193.95,1800
2018-07-09,00:00:00,190.0,190.0,190.0,190.0,1800
2018-07-25,00:00:00,188.35,188.35,188.35,188.35,3600
2018-07-26,00:00:00,188.35,188.35,188.35,188.35,1800
2018-07-30,00:00:00,191.65,191.65,191.65,191.65,1800
2018-08-01,00:00:00,193.35,193.35,193.35,193.35,1800
2018-08-02,00:00:00,193.35,193.35,193.35,193.35,1800
2018-08-08,00:00:00,196.45,196.65,196.45,196.5,5400
2018-08-09,00:00:00,196.65,196.65,196.65,196.65,1800
2018-08-13,00:00:00,194.95,194.95,194.95,194.95,1800
2018-08-16,00:00:00,186.65,186.65,186.65,186.65,1800
2018-08-20,00:00:00,193.35,196.0,193.35,195.0,7200
2018-08-21,00:00:00,196.65,196.65,196.65,196.65,7200
2018-08-23,00:00:00,196.65,206.5,193.65,206.5,25200
2018-08-24,00:00:00,216.65,216.65,216.65,216.65,5400
2018-08-27,00:00:00,227.5,227.5,226.35,226.65,12600
2018-08-28,00:00:00,236.65,238.0,236.65,237.15,7200
2018-08-29,00:00:00,245.0,245.0,245.0,245.0,3600
2018-08-30,00:00:00,241.65,241.65,235.0,235.0,5400
2018-09-03,00:00:00,226.65,228.65,226.65,228.35,4200
2018-09-04,00:00:00,228.35,228.35,226.35,226.35,5400
2018-09-07,00:00:00,216.65,216.65,215.0,215.0,6000
2018-09-10,00:00:00,216.65,216.65,216.65,216.65,8400
2018-09-11,00:00:00,216.65,218.35,216.65,218.35,12000
2018-09-12,00:00:00,229.25,229.25,229.25,229.25,600
2018-09-17,00:00:00,229.35,229.35,229.35,229.35,3600
2018-09-18,00:00:00,228.35,228.35,228.35,228.35,600
2018-09-19,00:00:00,228.35,228.35,218.35,218.35,3000
2018-09-25,00:00:00,208.35,208.35,208.35,208.35,600
2018-09-26,00:00:00,208.35,208.35,208.35,208.35,3000
2018-10-10,00:00:00,208.35,208.35,208.35,208.35,1200
2018-10-11,00:00:00,197.9,198.35,197.9,197.9,4800
2018-10-15,00:00:00,188.35,188.35,188.35,188.35,3600
2018-10-17,00:00:00,178.9,178.9,178.9,178.9,600
2018-10-25,00:00:00,180.0,180.0,180.0,180.0,600
2018-10-26,00:00:00,180.0,180.0,180.0,180.0,600
2018-10-30,00:00:00,171.0,171.0,171.0,171.0,600
2018-11-14,00:00:00,163.5,179.35,163.5,179.35,4800
2018-11-15,00:00:00,188.3,188.3,188.3,188.3,600
2018-11-21,00:00:00,197.7,197.7,197.7,197.7,1800
2018-11-29,00:00:00,200.0,200.0,200.0,200.0,600
2019-02-21,00:00:00,189.7,198.6,189.7,197.95,2400
2019-02-22,00:00:00,188.05,188.05,188.05,188.05,1200
2019-02-25,00:00:00,197.45,197.45,197.45,197.45,600
2019-02-26,00:00:00,190.0,197.45,190.0,197.45,1200
2019-03-01,00:00:00,195.35,196.25,187.6,196.25,1800
2019-03-05,00:00:00,193.65,193.65,193.65,193.65,600
2019-03-06,00:00:00,195.0,195.0,195.0,195.0,1200
2019-03-07,00:00:00,196.65,196.65,193.35,193.35,1200
2019-03-08,00:00:00,193.35,193.35,191.65,191.65,1200
2019-03-11,00:00:00,198.35,198.35,191.65,195.0,2400
2019-03-12,00:00:00,193.35,193.35,193.0,193.0,1200
2019-03-13,00:00:00,191.65,191.65,191.65,191.65,600
2019-03-18,00:00:00,190.0,190.0,190.0,190.0,600
2019-03-22,00:00:00,190.0,190.0,186.65,186.65,1200
2019-03-25,00:00:00,186.65,186.65,186.65,186.65,3600
2019-03-26,00:00:00,186.65,186.65,186.65,186.65,3600
2019-03-27,00:00:00,186.65,186.65,186.65,186.65,1200
2019-03-28,00:00:00,186.65,186.65,186.65,186.65,3000
2019-03-29,00:00:00,186.65,186.65,186.65,186.65,2400
2019-04-01,00:00:00,186.65,196.0,186.65,196.0,1800
2019-04-02,00:00:00,195.65,195.65,195.65,195.65,600
2019-04-03,00:00:00,196.65,196.65,195.0,195.0,1200
2019-04-04,00:00:00,189.0,189.0,189.0,189.0,1800
2019-04-09,00:00:00,189.0,189.0,189.0,189.0,600
2019-04-10,00:00:00,190.0,190.0,186.65,188.35,1200
2019-04-12,00:00:00,183.35,183.35,183.35,183.35,600
2019-04-16,00:00:00,190.0,190.0,190.0,190.0,600
2019-04-18,00:00:00,190.0,190.0,190.0,190.0,600
2019-04-22,00:00:00,190.0,190.0,190.0,190.0,3000
2019-04-23,00:00:00,190.0,190.0,190.0,190.0,1200
2019-04-24,00:00:00,190.0,190.0,190.0,190.0,600
2019-04-25,00:00:00,190.0,190.0,190.0,190.0,600
2019-04-26,00:00:00,190.0,190.0,190.0,190.0,600
2019-04-30,00:00:00,190.0,190.0,190.0,190.0,600
2019-05-02,00:00:00,190.0,190.0,190.0,190.0,600
2019-05-03,00:00:00,189.65,189.65,189.65,189.65,600
2019-05-06,00:00:00,190.0,190.0,180.2,190.0,3600
2019-05-07,00:00:00,180.75,189.65,180.5,180.5,4800
2019-05-08,00:00:00,180.5,180.5,180.5,180.5,1200
2019-05-09,00:00:00,186.6,186.65,183.35,183.35,1800
2019-05-10,00:00:00,189.65,189.85,189.65,189.85,1200
2019-05-13,00:00:00,184.35,189.35,180.65,180.65,2400
2019-05-14,00:00:00,189.35,189.35,189.35,189.35,600
2019-05-15,00:00:00,190.0,190.0,189.65,189.65,1200
2019-05-16,00:00:00,189.75,189.75,189.75,189.75,600
2019-05-17,00:00:00,183.35,183.35,183.35,183.35,600
2019-05-20,00:00:00,190.0,190.0,176.65,176.65,3600
2019-05-21,00:00:00,174.9,174.9,174.9,174.9,600
2019-05-22,00:00:00,170.0,170.0,170.0,170.0,600
2019-05-23,00:00:00,177.95,177.95,177.95,177.95,600
2019-05-24,00:00:00,184.95,184.95,184.95,184.95,600
2019-05-27,00:00:00,183.35,188.0,176.05,188.0,3600
2019-05-28,00:00:00,179.5,184.35,179.35,184.35,1800
2019-06-03,00:00:00,175.35,175.35,175.35,175.35,600
2019-06-04,00:00:00,180.0,180.65,180.0,180.65,1800
2019-06-06,00:00:00,175.7,175.7,175.35,175.35,3000
2019-06-07,00:00:00,175.35,175.35,175.35,175.35,600
2019-06-17,00:00:00,175.0,175.0,175.0,175.0,600
2019-06-20,00:00:00,166.25,166.65,166.25,166.65,1800
2019-06-21,00:00:00,171.0,171.0,171.0,171.0,600
2019-06-24,00:00:00,170.0,170.0,170.0,170.0,600
2019-07-05,00:00:00,169.35,169.35,161.65,169.35,2400
2019-07-10,00:00:00,177.65,177.65,177.65,177.65,600
2019-07-18,00:00:00,174.35,180.0,174.35,180.0,1800
2019-07-22,00:00:00,171.0,171.0,171.0,171.0,600
2019-07-26,00:00:00,176.65,176.65,176.65,176.65,600
2019-08-14,00:00:00,173.35,183.65,173.35,176.65,3000
2019-08-16,00:00:00,167.85,167.85,167.85,167.85,600
2019-08-19,00:00:00,174.95,175.0,174.95,175.0,3600
2019-08-20,00:00:00,174.95,175.0,174.65,174.65,4800
2019-08-21,00:00:00,175.0,175.0,167.65,167.65,4800
2019-08-22,00:00:00,174.9,175.0,174.9,175.0,2400
2019-08-27,00:00:00,171.65,175.0,171.65,175.0,9600
2019-08-28,00:00:00,171.65,171.8,168.35,168.35,11400
2019-09-06,00:00:00,166.65,166.65,166.65,166.65,600
2019-09-09,00:00:00,168.35,168.35,168.35,168.35,600
2019-09-11,00:00:00,166.65,166.65,166.65,166.65,1200
2019-09-16,00:00:00,168.35,168.35,168.35,168.35,1200
2019-09-17,00:00:00,167.35,167.35,167.35,167.35,1800
2019-09-26,00:00:00,165.0,165.0,165.0,165.0,600
2019-10-29,00:00:00,156.75,168.35,156.75,168.35,1200
2019-11-04,00:00:00,168.35,168.35,166.65,166.65,1200
2019-11-15,00:00:00,168.35,170.0,166.65,167.8,21600
2019-11-18,00:00:00,167.7,171.65,163.35,171.65,19800
2019-11-20,00:00:00,166.65,168.35,166.65,167.8,6600
2019-11-21,00:00:00,166.7,171.65,163.35,170.0,49200
2019-11-22,00:00:00,170.0,173.35,163.8,172.85,72600
2019-11-25,00:00:00,170.05,171.65,170.0,170.95,60000
2019-11-26,00:00:00,171.65,171.65,166.65,167.0,22200
2019-11-27,00:00:00,167.0,167.65,166.0,167.45,9600
2019-11-28,00:00:00,166.35,168.35,166.35,166.65,7800
2019-11-29,00:00:00,166.65,166.65,166.65,166.65,1800
2019-12-02,00:00:00,166.65,168.3,166.65,168.3,3000
2019-12-03,00:00:00,166.5,166.5,166.5,166.5,600
2019-12-04,00:00:00,166.65,166.65,166.65,166.65,600
2019-12-05,00:00:00,167.95,167.95,166.5,166.5,1200
2019-12-11,00:00:00,166.5,166.5,166.5,166.5,600
2019-12-12,00:00:00,166.5,166.5,166.5,166.5,600
2019-12-13,00:00:00,166.4,166.4,166.4,166.4,600
2019-12-16,00:00:00,166.35,166.35,166.35,166.35,600
2019-12-18,00:00:00,166.35,166.35,158.0,158.0,1800
2019-12-19,00:00:00,165.9,165.9,165.9,165.9,600
2019-12-20,00:00:00,167.0,167.0,167.0,167.0,600
2019-12-23,00:00:00,160.0,160.0,160.0,160.0,1800
2019-12-26,00:00:00,158.35,165.0,158.35,165.0,3600
2019-12-30,00:00:00,166.35,168.0,158.35,168.0,8400
2020-01-08,00:00:00,166.65,166.65,166.65,166.65,1200
2020-01-09,00:00:00,163.35,165.0,163.35,165.0,1200
2020-01-13,00:00:00,160.0,160.0,160.0,160.0,1200
2020-01-20,00:00:00,160.0,160.0,160.0,160.0,600
2020-01-22,00:00:00,168.0,168.0,168.0,168.0,1200
2020-01-23,00:00:00,168.0,168.0,165.0,168.0,3000
2020-01-27,00:00:00,165.0,165.0,165.0,165.0,8400
2020-01-28,00:00:00,166.35,166.65,162.05,162.05,3000
2020-01-29,00:00:00,166.65,166.65,166.65,166.65,4200
2020-01-30,00:00:00,167.35,170.0,166.65,166.65,6000
2020-01-31,00:00:00,168.0,168.0,168.0,168.0,2400
2020-02-01,00:00:00,168.0,168.0,166.65,166.65,2400
2020-02-03,00:00:00,166.65,170.0,166.65,170.0,4200
2020-02-04,00:00:00,170.0,170.0,170.0,170.0,6000
2020-02-05,00:00:00,170.0,170.65,170.0,170.0,19200
2020-02-06,00:00:00,170.0,170.0,170.0,170.0,5400
2020-02-07,00:00:00,168.35,168.35,166.65,166.65,4800
2020-02-10,00:00:00,170.0,170.0,168.35,168.35,12000
2020-02-11,00:00:00,170.0,170.65,170.0,170.65,9600
2020-02-12,00:00:00,170.65,175.0,170.65,175.0,10200
2020-02-13,00:00:00,175.0,183.75,175.0,183.75,6600
2020-02-14,00:00:00,192.95,192.95,190.0,192.95,6000
2020-02-17,00:00:00,202.55,202.55,196.65,202.55,4200
2020-02-18,00:00:00,192.45,192.45,192.45,192.45,600
2020-02-19,00:00:00,192.45,192.45,192.45,192.45,600
2020-02-20,00:00:00,193.35,193.65,193.35,193.65,1200
2020-02-24,00:00:00,184.0,184.0,184.0,184.0,5400
2020-02-25,00:00:00,191.65,191.65,191.65,191.65,600
2020-02-27,00:00:00,182.35,182.35,182.35,182.35,3600
2020-02-28,00:00:00,180.0,191.35,176.65,176.65,5400
2020-03-03,00:00:00,180.2,180.2,167.85,167.85,5400
2020-03-09,00:00:00,167.85,167.85,167.85,167.85,600
2020-03-11,00:00:00,166.65,166.65,166.65,166.65,600
2020-03-16,00:00:00,158.35,158.35,158.35,158.35,600
2020-03-20,00:00:00,150.4,150.4,150.4,150.4,600
2020-03-24,00:00:00,150.35,150.35,150.35,150.35,600
2020-04-01,00:00:00,150.65,150.65,150.65,150.65,600
2020-04-07,00:00:00,150.65,150.65,150.65,150.65,600
2020-04-08,00:00:00,145.0,150.0,145.0,149.75,2400
2020-04-09,00:00:00,142.3,142.3,142.3,142.3,600
2020-04-13,00:00:00,149.25,149.25,141.65,141.65,1200
2020-04-17,00:00:00,137.0,137.0,134.6,135.55,1800
2020-04-21,00:00:00,135.55,135.55,128.85,128.85,2400
2020-04-22,00:00:00,125.0,125.0,123.0,123.0,1800
2020-04-23,00:00:00,116.85,129.15,116.85,126.2,4200
2020-04-24,00:00:00,119.9,120.35,119.9,119.9,7800
2020-04-27,00:00:00,125.9,125.9,125.9,125.9,600
2020-04-28,00:00:00,125.0,125.0,125.0,125.0,600
2020-04-29,00:00:00,126.65,126.65,125.8,126.35,1800
2020-04-30,00:00:00,120.0,132.65,120.0,132.65,3000
2020-05-05,00:00:00,127.4,127.4,126.05,126.5,5400
2020-05-07,00:00:00,125.0,125.0,123.35,123.9,1800
2020-05-08,00:00:00,120.35,125.8,118.15,118.25,6600
2020-05-11,00:00:00,121.65,124.1,120.05,121.25,4800
2020-05-12,00:00:00,127.3,127.3,127.3,127.3,600
2020-05-14,00:00:00,133.65,133.65,133.65,133.65,600
2020-05-15,00:00:00,133.65,133.65,133.65,133.65,600
2020-05-18,00:00:00,127.7,127.7,127.7,127.7,600
2020-05-19,00:00:00,134.05,134.05,133.35,133.35,1200
2020-05-20,00:00:00,140.0,140.0,138.35,138.35,1200
2020-05-21,00:00:00,141.65,141.65,141.65,141.65,600
2020-05-27,00:00:00,145.8,148.7,145.8,148.5,1800
2020-05-29,00:00:00,155.9,155.95,155.9,155.95,2400
2020-06-02,00:00:00,163.65,163.65,163.65,163.65,1200
2020-06-03,00:00:00,171.65,171.65,169.95,170.8,3600
2020-06-04,00:00:00,179.35,179.35,179.35,179.35,600
2020-06-05,00:00:00,179.65,188.0,179.65,179.8,4200
2020-06-08,00:00:00,188.3,188.35,188.3,188.35,1800
2020-06-11,00:00:00,191.65,191.65,191.65,191.65,600
2020-06-17,00:00:00,182.1,182.1,182.1,182.1,600
2020-06-19,00:00:00,191.2,191.2,190.0,191.2,21600
2020-06-22,00:00:00,193.35,200.0,193.35,195.75,20400
2020-06-23,00:00:00,193.35,200.0,193.35,200.0,2400
2020-06-24,00:00:00,196.7,196.7,194.35,194.35,1800
2020-06-26,00:00:00,192.05,195.95,191.65,195.45,3000
2020-06-30,00:00:00,191.65,191.65,191.65,191.65,600
2020-07-01,00:00:00,188.35,193.35,188.35,193.3,2400
2020-07-02,00:00:00,188.35,188.35,186.35,187.0,5400
2020-07-03,00:00:00,184.05,184.05,184.0,184.05,1800
2020-07-07,00:00:00,181.65,185.0,180.0,184.15,2400
2020-07-08,00:00:00,180.0,180.0,178.35,178.35,1800
2020-07-10,00:00:00,174.0,174.0,173.65,173.65,1200
2020-07-15,00:00:00,176.65,176.65,176.65,176.65,600
2020-07-16,00:00:00,176.65,176.65,176.65,176.65,600
2020-07-20,00:00:00,171.65,171.65,167.85,167.85,7800
2020-07-21,00:00:00,171.65,171.65,171.65,171.65,1800
2020-07-22,00:00:00,178.35,180.0,176.65,180.0,4800
2020-07-23,00:00:00,178.35,178.35,173.35,173.35,3000
2020-07-27,00:00:00,175.0,175.0,168.35,171.65,9000
2020-07-28,00:00:00,173.35,173.35,173.35,173.35,600
2020-07-29,00:00:00,175.0,175.0,164.65,171.0,24000
2020-07-30,00:00:00,171.65,171.65,163.35,163.35,1200
2020-07-31,00:00:00,168.0,168.35,168.0,168.0,1800
2020-08-03,00:00:00,168.35,168.35,168.35,168.35,1200
2020-08-04,00:00:00,170.0,175.0,170.0,172.35,4800
2020-08-05,00:00:00,176.65,176.65,175.0,176.3,3600
2020-08-07,00:00:00,182.65,185.0,182.65,185.0,1800
2020-08-10,00:00:00,191.65,193.35,184.0,184.0,7800
2020-08-11,00:00:00,186.65,190.0,186.65,190.0,4800
2020-08-12,00:00:00,183.35,188.35,183.35,185.0,4200
2020-08-14,00:00:00,186.65,186.65,186.65,186.65,1800
2020-08-17,00:00:00,195.0,196.0,195.0,196.0,54600
2020-08-18,00:00:00,205.8,205.8,205.65,205.8,101400
2020-08-19,00:00:00,216.0,216.1,215.95,216.05,25200
2020-08-20,00:00:00,224.6,225.1,224.5,225.1,25200
2020-08-21,00:00:00,225.35,226.65,213.85,216.35,9000
2020-08-24,00:00:00,216.65,223.35,216.35,218.0,9000
2020-08-25,00:00:00,221.65,223.35,218.5,222.1,27600
2020-08-26,00:00:00,220.35,220.35,211.65,217.0,8400
2020-08-27,00:00:00,223.25,227.85,223.0,227.85,543600
2020-08-28,00:00:00,239.25,239.25,239.25,239.25,1800
2020-08-31,00:00:00,251.2,251.2,251.0,251.2,100200
2020-09-01,00:00:00,259.35,262.35,238.65,257.55,30000
2020-09-02,00:00:00,266.65,270.4,266.35,270.4,13200
2020-09-03,00:00:00,283.95,283.95,283.95,283.95,28200
2020-09-04,00:00:00,283.35,298.1,283.35,298.1,23400
2020-09-07,00:00:00,300.0,313.0,300.0,313.0,14400
2020-09-08,00:00:00,328.35,328.65,323.35,325.55,22200
2020-09-09,00:00:00,313.35,313.35,309.3,309.3,4200
2020-09-10,00:00:00,298.35,324.75,298.35,324.75,10200
2020-09-11,00:00:00,340.95,340.95,320.0,333.05,19800
2020-09-14,00:00:00,333.35,349.7,333.35,348.85,25200
2020-09-15,00:00:00,346.65,366.0,346.65,366.0,11400
2020-09-16,00:00:00,383.35,383.65,371.65,373.0,10800
2020-09-17,00:00:00,370.0,373.35,354.35,370.0,24600
2020-09-18,00:00:00,361.7,370.0,361.7,370.0,5400
2020-09-21,00:00:00,384.0,385.0,358.35,358.35,14400
2020-09-22,00:00:00,340.65,371.65,340.45,371.65,31200
2020-09-23,00:00:00,370.35,370.35,366.65,366.65,21000
2020-09-24,00:00:00,366.65,373.35,366.65,366.65,10200
2020-09-25,00:00:00,368.35,383.95,368.35,383.55,4800
2020-09-28,00:00:00,384.0,402.75,384.0,402.75,9600
2020-09-29,00:00:00,421.65,422.85,396.65,422.85,10800
2020-09-30,00:00:00,427.4,444.0,427.4,444.0,7800
2020-10-01,00:00:00,465.65,466.2,465.65,466.2,16800
2020-10-05,00:00:00,480.0,489.5,442.9,444.8,27000
2020-10-06,00:00:00,434.75,449.65,434.35,449.65,3000
2020-10-07,00:00:00,434.0,434.75,427.2,427.2,6000
2020-10-08,00:00:00,408.35,408.35,405.85,407.0,7200
2020-10-09,00:00:00,400.0,403.35,400.0,403.35,2400
2020-10-13,00:00:00,395.0,416.65,395.0,416.65,3600
2020-10-14,00:00:00,428.3,437.5,428.3,437.5,3000
2020-10-15,00:00:00,450.0,450.0,450.0,450.0,600
2020-10-16,00:00:00,445.0,445.0,433.65,439.0,2400
2020-10-19,00:00:00,449.85,460.95,449.85,460.95,6600
2020-10-20,00:00:00,483.65,483.65,466.65,477.35,9000
2020-10-21,00:00:00,477.65,477.65,473.0,473.0,1200
2020-10-22,00:00:00,460.0,476.65,453.35,476.65,4800
2020-10-26,00:00:00,483.35,483.35,454.0,454.0,6000
2020-10-27,00:00:00,454.35,454.35,454.35,454.35,1200
2020-10-28,00:00:00,440.0,446.65,433.35,433.35,2400
2020-10-29,00:00:00,433.35,450.0,433.35,450.0,3600
2020-11-02,00:00:00,467.65,467.65,467.65,467.65,600
2020-11-03,00:00:00,451.65,451.65,444.35,444.35,1800
2020-11-04,00:00:00,456.65,466.55,456.65,456.65,4800
2020-11-06,00:00:00,450.0,456.65,450.0,451.7,2100
2020-11-09,00:00:00,463.0,466.65,463.0,464.65,3300
2020-11-10,00:00:00,442.1,464.65,442.1,464.65,1500
2020-11-11,00:00:00,457.0,457.0,441.45,441.45,4500
2020-11-12,00:00:00,425.1,425.1,420.35,421.15,3300
2020-11-13,00:00:00,420.15,442.0,420.15,438.35,4200
2020-11-14,00:00:00,439.95,460.25,439.95,455.7,5400
2020-11-17,00:00:00,437.0,450.0,433.35,435.75,9000
2020-11-18,00:00:00,432.35,433.0,420.05,420.05,3900
2020-11-19,00:00:00,402.0,405.65,399.05,401.6,8700
2020-11-20,00:00:00,420.0,420.0,403.65,403.65,600
2020-11-23,00:00:00,401.65,410.0,396.65,405.65,4800
2020-11-24,00:00:00,396.65,425.95,390.35,425.25,8400
2020-11-25,00:00:00,408.65,408.65,404.0,404.0,4800
2020-11-26,00:00:00,404.0,408.35,385.0,401.65,2100
2020-11-27,00:00:00,401.65,401.65,401.65,401.65,300
2020-12-01,00:00:00,388.35,408.35,388.35,408.35,600
2020-12-02,00:00:00,396.65,396.65,396.65,396.65,300
2020-12-03,00:00:00,391.65,408.35,391.65,395.0,1800
2020-12-04,00:00:00,396.65,396.65,396.65,396.65,300
2020-12-07,00:00:00,408.35,408.35,406.65,406.65,3300
2020-12-08,00:00:00,406.65,406.65,406.65,406.65,4500
2020-12-10,00:00:00,395.35,395.35,383.65,391.65,1800
2020-12-11,00:00:00,383.35,383.35,377.65,377.65,1500
2020-12-14,00:00:00,352.05,362.95,352.05,360.3,3600
2020-12-15,00:00:00,354.0,358.35,351.65,356.65,4500
2020-12-16,00:00:00,356.65,370.35,356.65,363.4,4200
2020-12-17,00:00:00,351.8,361.65,351.65,360.0,1800
2020-12-18,00:00:00,361.65,362.65,360.0,360.0,900
2020-12-21,00:00:00,361.65,363.35,355.0,361.65,5400
2020-12-22,00:00:00,351.65,356.65,326.65,354.1,5700
2020-12-23,00:00:00,350.65,350.65,349.35,349.35,2700
2020-12-24,00:00:00,333.35,350.0,333.35,350.0,8700
2020-12-28,00:00:00,350.0,360.0,350.0,350.35,3900
2020-12-29,00:00:00,343.35,369.65,343.35,350.3,12600
2020-12-30,00:00:00,350.0,376.65,350.0,374.35,12300
2020-12-31,00:00:00,383.35,393.25,380.65,380.65,1800
2021-01-01,00:00:00,380.65,381.0,375.0,376.65,2400
2021-01-04,00:00:00,366.65,376.65,366.65,366.65,2400
2021-01-05,00:00:00,358.35,403.35,358.35,397.3,18300
2021-01-06,00:00:00,403.35,416.65,403.35,407.0,5400
2021-01-07,00:00:00,405.0,405.0,405.0,405.0,300
2021-01-08,00:00:00,406.65,410.0,390.0,405.0,2400
2021-01-11,00:00:00,412.65,412.65,386.0,390.0,16500
2021-01-12,00:00:00,381.65,399.65,376.65,398.95,14400
2021-01-13,00:00:00,400.35,400.35,383.35,391.0,9000
2021-01-14,00:00:00,385.0,395.0,383.35,386.4,6600
2021-01-15,00:00:00,380.0,386.65,373.35,380.4,11400
2021-01-18,00:00:00,374.05,383.35,368.35,377.65,4200
2021-01-19,00:00:00,386.65,390.0,376.65,380.0,2400
2021-01-20,00:00:00,390.0,390.0,375.0,375.0,3300
2021-01-21,00:00:00,386.0,386.0,368.35,369.15,900
2021-01-22,00:00:00,360.0,371.35,354.1,364.15,2100
2021-01-25,00:00:00,357.65,357.65,356.65,356.65,600
2021-01-27,00:00:00,341.65,379.6,341.65,361.65,3300
2021-01-28,00:00:00,353.35,372.65,353.35,372.65,1800
2021-01-29,00:00:00,375.0,375.0,375.0,375.0,300
2021-02-01,00:00:00,370.0,375.0,370.0,375.0,900
2021-02-02,00:00:00,381.65,412.5,368.1,412.5,9000
2021-02-03,00:00:00,388.35,391.65,388.35,388.5,1500
2021-02-04,00:00:00,389.15,389.15,383.35,387.75,1500
2021-02-05,00:00:00,399.1,399.15,399.1,399.15,600
2021-02-08,00:00:00,408.35,466.35,403.35,458.35,18300
2021-02-09,00:00:00,466.35,489.65,464.35,465.3,12300
2021-02-10,00:00:00,440.35,456.65,433.35,456.65,1800
2021-02-11,00:00:00,423.65,456.65,423.65,443.4,1200
2021-02-12,00:00:00,390.0,443.35,390.0,443.35,1200
2021-02-15,00:00:00,441.5,441.65,441.5,441.65,900
2021-02-16,00:00:00,440.0,441.65,440.0,441.65,600
2021-02-17,00:00:00,436.35,436.35,436.35,436.35,300
2021-02-19,00:00:00,436.35,440.0,433.35,436.65,2700
2021-02-22,00:00:00,410.35,410.35,408.65,408.65,1200
2021-02-24,00:00:00,433.35,433.35,427.35,427.35,900
2021-02-25,00:00:00,433.35,450.0,423.35,433.35,11400
2021-02-26,00:00:00,427.0,433.35,426.65,427.0,1200
2021-03-01,00:00:00,411.0,429.35,410.65,412.0,3600
2021-03-02,00:00:00,420.35,420.35,416.65,416.65,1800
2021-03-03,00:00:00,423.0,433.35,408.45,408.45,6300
2021-03-04,00:00:00,408.0,429.65,406.65,410.4,4200
2021-03-05,00:00:00,413.35,413.35,411.5,411.5,2400
2021-03-08,00:00:00,385.65,433.0,385.65,433.0,7800
2021-03-09,00:00:00,410.35,430.0,410.35,413.35,7800
2021-03-10,00:00:00,465.8,465.8,411.85,411.85,3600
2021-03-12,00:00:00,417.5,424.65,400.75,405.4,4500
2021-03-15,00:00:00,400.0,400.0,396.65,400.0,1500
2021-03-16,00:00:00,400.0,400.0,400.0,400.0,3900
2021-03-17,00:00:00,414.35,414.35,400.0,400.0,1800
2021-03-18,00:00:00,393.35,393.35,379.0,379.15,1800
2021-03-19,00:00:00,381.65,445.0,381.65,425.65,2700
2021-03-22,00:00:00,409.65,420.0,409.65,416.65,4200
2021-03-23,00:00:00,416.65,416.65,400.0,400.0,1500
2021-03-24,00:00:00,409.95,410.0,400.0,400.0,4500
2021-03-25,00:00:00,377.45,391.0,376.7,378.35,1800
2021-03-26,00:00:00,379.35,403.35,379.35,403.35,6000
2021-03-30,00:00:00,417.35,417.35,416.65,416.65,900
2021-03-31,00:00:00,370.35,399.65,370.35,389.7,2100
2021-04-01,00:00:00,409.95,426.0,390.65,419.2,5400
2021-04-05,00:00:00,419.0,419.0,388.65,400.0,1800
2021-04-06,00:00:00,406.65,441.65,406.65,428.85,6000
2021-04-07,00:00:00,449.65,456.65,426.65,452.1,3900
2021-04-08,00:00:00,459.65,480.0,459.65,477.85,24000
2021-04-09,00:00:00,481.65,573.4,466.65,573.4,17400
2021-04-12,00:00:00,573.4,687.35,573.4,682.8,19800
2021-04-13,00:00:00,699.95,745.65,699.95,710.15,13500
2021-04-15,00:00:00,653.35,683.35,653.35,683.35,2100
2021-04-16,00:00:00,691.65,751.65,681.65,711.75,18900
2021-04-19,00:00:00,651.7,683.35,651.7,683.35,2100
2021-04-20,00:00:00,709.65,709.65,683.35,683.35,600
2021-04-22,00:00:00,691.35,691.65,690.0,690.35,2400
2021-04-23,00:00:00,696.35,696.35,694.0,694.0,600
2021-04-26,00:00:00,666.65,690.0,666.65,668.0,900
2021-04-27,00:00:00,676.65,700.0,666.35,668.3,3900
2021-04-28,00:00:00,634.0,643.35,634.0,640.0,900
2021-04-29,00:00:00,626.65,633.35,600.0,616.0,5700
2021-05-03,00:00:00,630.0,677.6,630.0,677.35,9000
2021-05-04,00:00:00,641.65,643.7,641.65,641.85,1200
2021-05-06,00:00:00,635.0,635.0,635.0,635.0,900
2021-05-07,00:00:00,665.0,683.35,651.65,656.65,2700
2021-05-10,00:00:00,633.35,636.65,633.35,636.65,600
2021-05-12,00:00:00,630.0,663.0,630.0,640.0,1500
2021-05-14,00:00:00,633.35,633.35,617.35,625.0,2100
2021-05-17,00:00:00,633.35,633.35,633.35,633.35,300
2021-05-18,00:00:00,640.0,641.65,633.35,640.0,2400
2021-05-19,00:00:00,625.0,667.0,625.0,638.35,4200
2021-05-20,00:00:00,633.35,643.35,633.35,643.35,900
2021-05-21,00:00:00,663.35,663.35,633.35,633.35,600
2021-05-24,00:00:00,632.0,632.0,631.7,632.0,900
2021-05-25,00:00:00,623.35,675.0,623.35,668.25,5400
2021-05-26,00:00:00,640.35,650.0,640.35,643.35,900
2021-05-27,00:00:00,661.65,661.65,633.65,661.65,1200
2021-05-28,00:00:00,681.65,681.65,645.45,654.0,900
2021-05-31,00:00:00,665.0,683.35,644.0,670.0,2400
2021-06-03,00:00:00,648.4,648.65,648.4,648.65,600
2021-06-04,00:00:00,650.7,653.35,650.7,653.35,600
2021-06-07,00:00:00,700.0,740.0,683.35,722.25,7200
2021-06-08,00:00:00,723.65,783.35,723.65,740.0,49500
2021-06-09,00:00:00,766.6,766.6,724.0,724.0,2700
2021-06-10,00:00:00,702.0,733.0,702.0,733.0,600
2021-06-11,00:00:00,756.65,759.85,711.75,736.65,2100
2021-06-14,00:00:00,725.0,750.65,688.35,748.0,3900
2021-06-15,00:00:00,758.35,896.0,741.65,887.5,41100
2021-06-16,00:00:00,887.5,950.0,887.5,907.35,24000
2021-06-17,00:00:00,894.95,894.95,800.0,800.0,3600
2021-06-18,00:00:00,785.0,785.0,760.0,767.0,3000
2021-06-21,00:00:00,783.35,783.35,766.65,783.35,1800
2021-06-22,00:00:00,811.65,836.65,806.65,806.65,3000
2021-06-23,00:00:00,774.65,823.35,774.65,823.35,1500
2021-06-24,00:00:00,812.15,812.15,785.0,800.0,2100
2021-06-25,00:00:00,785.0,841.65,770.35,817.8,7500
2021-06-28,00:00:00,825.35,883.35,813.35,854.45,19200
2021-06-29,00:00:00,896.65,993.35,896.35,965.3,32700
2021-06-30,00:00:00,971.65,971.65,966.35,966.35,900
2021-07-01,00:00:00,918.35,950.0,918.35,941.65,900
2021-07-02,00:00:00,966.35,966.65,966.35,966.65,600
2021-07-05,00:00:00,966.65,966.65,945.0,966.15,7500
2021-07-06,00:00:00,962.6,1000.0,962.6,983.35,16800
2021-07-07,00:00:00,935.0,935.0,933.35,933.35,1500
2021-07-08,00:00:00,916.65,916.65,859.35,890.55,6600
2021-07-09,00:00:00,875.0,875.0,810.35,821.2,11400
2021-07-12,00:00:00,830.0,832.0,799.95,817.0,13800
2021-07-13,00:00:00,823.35,853.35,800.0,832.9,16800
2021-07-14,00:00:00,849.35,849.35,800.0,832.75,17700
2021-07-15,00:00:00,846.3,846.3,827.0,838.0,1500
2021-07-16,00:00:00,833.35,853.35,827.55,833.35,3900
2021-07-19,00:00:00,841.35,880.0,841.35,866.65,3300
2021-07-20,00:00:00,840.0,860.35,833.0,835.15,4500
2021-07-22,00:00:00,813.35,813.35,813.05,813.2,2400
2021-07-23,00:00:00,802.1,831.65,802.05,808.35,1800
2021-07-26,00:00:00,816.65,863.35,816.65,844.55,3000
2021-07-27,00:00:00,841.65,873.0,841.65,855.85,5100
2021-07-28,00:00:00,843.35,848.0,843.35,843.65,6900
2021-07-29,00:00:00,833.35,833.35,833.35,833.35,600
2021-07-30,00:00:00,833.35,833.35,816.65,816.65,600
2021-08-02,00:00:00,831.65,831.65,830.0,830.0,900
2021-08-03,00:00:00,830.0,830.0,830.0,830.0,600
2021-08-04,00:00:00,805.35,805.35,799.65,799.65,900
2021-08-05,00:00:00,777.35,820.0,750.0,802.35,8400
2021-08-06,00:00:00,863.35,891.35,833.35,863.35,10200
2021-08-09,00:00:00,850.0,868.5,850.0,868.5,600
2021-08-10,00:00:00,834.0,866.35,783.35,834.35,10500
2021-08-11,00:00:00,800.35,833.35,775.0,823.7,6000
2021-08-12,00:00:00,833.35,860.0,830.0,860.0,7200
2021-08-13,00:00:00,850.0,850.0,833.35,833.35,1200
2021-08-16,00:00:00,833.35,833.35,833.35,833.35,2700
2021-08-17,00:00:00,841.65,841.65,793.35,798.9,6600
2021-08-20,00:00:00,775.0,783.35,775.0,776.05,14100
2021-08-23,00:00:00,795.0,816.65,766.35,806.65,8100
2021-08-24,00:00:00,800.0,891.65,741.65,875.0,40800
2021-08-25,00:00:00,916.65,916.65,856.35,880.25,9300
2021-08-26,00:00:00,886.35,906.65,886.35,893.35,3900
2021-08-27,00:00:00,883.35,914.65,883.35,912.1,3900
2021-08-30,00:00:00,892.0,943.3,892.0,935.85,12300
2021-08-31,00:00:00,983.0,983.0,921.0,927.15,12900
2021-09-01,00:00:00,932.3,933.35,906.65,908.35,3900
2021-09-02,00:00:00,932.65,933.35,908.35,933.35,6900
2021-09-03,00:00:00,932.65,932.65,932.65,932.65,900
2021-09-06,00:00:00,932.7,932.7,883.7,896.95,1500
2021-09-07,00:00:00,883.35,900.0,855.0,893.35,3450
2021-09-08,00:00:00,906.65,925.0,906.65,919.45,2250
2021-09-09,00:00:00,916.65,916.65,883.35,890.0,3750
2021-09-13,00:00:00,873.35,883.35,853.4,883.35,450
2021-09-14,00:00:00,883.35,900.0,875.0,897.35,6750
2021-09-15,00:00:00,888.35,916.65,888.35,909.15,1650
2021-09-16,00:00:00,909.15,909.15,900.0,900.0,750
2021-09-17,00:00:00,900.0,900.0,861.85,895.0,600
2021-09-20,00:00:00,870.0,870.0,850.0,850.0,900
2021-09-21,00:00:00,866.65,866.65,866.65,866.65,300
2021-09-23,00:00:00,841.75,866.65,841.75,866.65,1500
2021-09-24,00:00:00,882.65,900.0,871.65,871.65,7050
2021-09-27,00:00:00,899.65,949.65,899.65,917.8,4350
2021-09-28,00:00:00,933.35,946.65,926.65,930.0,7650
2021-09-29,00:00:00,949.65,979.8,933.35,962.1,8100
2021-09-30,00:00:00,984.35,1141.35,984.35,1111.9,36000
2021-10-01,00:00:00,1179.95,1200.0,1058.35,1080.35,29700
2021-10-04,00:00:00,1066.65,1140.0,1066.65,1104.55,12150
2021-10-05,00:00:00,1129.35,1146.65,1103.7,1115.55,20400
2021-10-06,00:00:00,1131.65,1196.0,1086.65,1162.1,20400
2021-10-07,00:00:00,1166.35,1249.0,1166.35,1220.25,17400
2021-10-08,00:00:00,1233.0,1300.0,1216.65,1268.35,35100
2021-10-11,00:00:00,1283.3,1316.65,1211.75,1225.05,22800
2021-10-12,00:00:00,1314.85,1314.85,1225.55,1233.1,10350
2021-10-13,00:00:00,1262.9,1262.9,1165.8,1221.0,3150
2021-10-14,00:00:00,1236.0,1260.0,1186.15,1220.0,2400
2021-10-18,00:00:00,1233.0,1233.0,1196.1,1210.0,5100
2021-10-19,00:00:00,1201.0,1201.0,1170.1,1175.05,1200
2021-10-20,00:00:00,1180.0,1180.0,1125.0,1140.0,750
2021-10-21,00:00:00,1025.0,1140.0,1001.0,1041.2,9450
2021-10-22,00:00:00,1043.0,1059.0,980.0,1034.0,4650
2021-10-25,00:00:00,990.05,990.05,970.0,980.0,1800
2021-10-26,00:00:00,985.0,1049.95,985.0,1049.95,750
2021-10-27,00:00:00,1001.0,1069.9,840.0,1000.0,2850
2021-10-28,00:00:00,960.05,980.0,960.05,970.7,900
2021-10-29,00:00:00,970.7,1010.0,970.7,980.5,1800
2021-11-01,00:00:00,1027.9,1027.9,982.0,999.8,1500
2021-11-02,00:00:00,998.9,998.9,936.05,970.7,2250
2021-11-03,00:00:00,935.05,985.35,935.05,960.0,1350
2021-11-04,00:00:00,998.0,998.0,994.9,994.9,300
2021-11-08,00:00:00,965.0,1089.45,965.0,1058.65,3900
2021-11-09,00:00:00,1096.45,1096.45,1077.0,1077.0,600
2021-11-10,00:00:00,1072.0,1072.0,1040.0,1040.0,750
2021-11-11,00:00:00,1045.0,1070.0,1026.0,1027.35,4650
2021-11-12,00:00:00,1046.9,1046.9,941.3,1018.0,3900
2021-11-15,00:00:00,975.0,1010.0,975.0,1010.0,1200
2021-11-16,00:00:00,985.5,985.5,978.5,980.85,1350
2021-11-17,00:00:00,941.0,952.5,941.0,950.2,1650
2021-11-18,00:00:00,965.0,969.8,925.0,950.0,2550
2021-11-22,00:00:00,965.0,965.0,826.0,886.25,4650
2021-11-23,00:00:00,862.0,920.0,835.0,874.9,5400
2021-11-24,00:00:00,907.0,914.9,907.0,914.75,1200
2021-11-25,00:00:00,942.45,942.5,915.0,917.5,1050
2021-11-26,00:00:00,919.9,919.9,870.0,877.45,3000
2021-11-29,00:00:00,875.0,875.0,850.0,851.6,2850
2021-11-30,00:00:00,860.0,965.0,845.0,962.45,4500
2021-12-01,00:00:00,960.0,1118.0,960.0,1094.3,11850
2021-12-02,00:00:00,1194.0,1234.0,1041.0,1199.5,12600
2021-12-03,00:00:00,1199.0,1233.0,1111.0,1145.0,1950
2021-12-06,00:00:00,1127.0,1127.0,1075.0,1078.15,3450
2021-12-07,00:00:00,1100.0,1101.4,1060.0,1086.0,1650
2021-12-08,00:00:00,1070.0,1143.0,1069.0,1078.5,3450
2021-12-09,00:00:00,1108.9,1139.95,1099.0,1126.25,4050
2021-12-10,00:00:00,1149.0,1152.0,1110.7,1125.0,1950
2021-12-13,00:00:00,1152.0,1154.0,1075.0,1120.0,1950
2021-12-14,00:00:00,1120.0,1120.0,1095.0,1120.0,1800
2021-12-15,00:00:00,1096.1,1144.0,1095.0,1143.35,2550
2021-12-16,00:00:00,1131.2,1143.0,1100.0,1102.0,2850
2021-12-17,00:00:00,1106.9,1110.0,1070.0,1076.75,2100
2021-12-20,00:00:00,1025.05,1114.0,1025.05,1096.7,7200
2021-12-21,00:00:00,1135.0,1135.0,1070.0,1070.0,1950
2021-12-22,00:00:00,1075.0,1098.0,1075.0,1082.35,600
2021-12-23,00:00:00,1090.0,1090.0,1035.0,1036.4,2250
2021-12-24,00:00:00,1034.9,1100.0,1020.25,1089.15,6600
2021-12-27,00:00:00,1098.0,1140.0,1052.05,1115.65,7500
2021-12-28,00:00:00,1139.0,1168.0,1120.0,1127.5,7050
2021-12-29,00:00:00,1143.0,1168.9,1100.0,1132.5,4950
2021-12-30,00:00:00,1144.0,1144.0,1100.6,1126.0,1050
2021-12-31,00:00:00,1141.9,1150.0,1111.15,1149.9,2100
2022-01-03,00:00:00,1145.0,1150.1,1101.0,1132.35,4800
2022-01-04,00:00:00,1115.0,1120.0,1080.1,1106.7,1650
2022-01-05,00:00:00,1062.2,1148.0,1062.2,1130.0,3450
2022-01-06,00:00:00,1130.0,1143.0,1105.5,1110.0,2550
2022-01-07,00:00:00,1110.0,1148.0,1090.05,1140.3,2700
2022-01-10,00:00:00,1149.9,1249.95,1149.9,1238.8,10200
2022-01-11,00:00:00,1270.0,1275.0,1230.0,1231.75,2700
2022-01-12,00:00:00,1274.9,1274.9,1200.0,1224.9,6900
2022-01-13,00:00:00,1250.0,1250.0,1210.05,1229.35,1650
2022-01-14,00:00:00,1220.0,1275.0,1177.5,1250.0,3600
2022-01-17,00:00:00,1299.9,1385.0,1275.0,1324.05,16200
2022-01-18,00:00:00,1305.0,1329.95,1300.0,1300.0,3900
2022-01-19,00:00:00,1335.7,1390.0,1320.0,1349.95,4050
2022-01-20,00:00:00,1340.5,1377.9,1330.0,1362.45,4350
2022-01-21,00:00:00,1389.95,1398.0,1314.0,1323.35,3750
2022-01-24,00:00:00,1303.0,1303.0,1220.05,1289.75,5850
2022-01-25,00:00:00,1290.0,1322.0,1250.5,1300.0,2400
2022-01-27,00:00:00,1241.1,1289.95,1230.25,1261.55,2850
2022-01-28,00:00:00,1319.95,1319.95,1230.05,1272.45,1650
2022-01-31,00:00:00,1275.0,1299.9,1256.0,1298.95,1050
2022-02-01,00:00:00,1299.0,1310.0,1257.05,1278.0,3000
2022-02-02,00:00:00,1250.0,1324.5,1250.0,1257.1,6150
2022-02-03,00:00:00,1283.9,1283.9,1258.0,1280.0,750
2022-02-04,00:00:00,1236.35,1274.0,1236.35,1272.65,600
2022-02-07,00:00:00,1170.0,1279.9,1170.0,1269.9,900
2022-02-08,00:00:00,1211.0,1244.9,1204.0,1225.0,750
2022-02-09,00:00:00,1221.0,1225.0,1201.75,1205.0,1200
2022-02-10,00:00:00,1205.05,1240.0,1200.0,1216.6,4500
2022-02-11,00:00:00,1215.05,1215.05,1180.0,1192.65,1350
2022-02-14,00:00:00,1190.0,1190.0,1103.25,1110.05,3000
2022-02-15,00:00:00,1190.0,1190.0,1060.0,1120.0,5250
2022-02-16,00:00:00,1150.0,1170.0,1101.0,1103.0,3750
2022-02-17,00:00:00,1085.5,1109.9,1051.0,1085.4,3900
2022-02-18,00:00:00,1065.0,1100.0,1050.0,1088.25,3900
2022-02-21,00:00:00,1055.3,1069.95,1031.15,1051.4,2100
2022-02-22,00:00:00,972.25,1025.0,972.25,1011.75,2250
2022-02-23,00:00:00,1040.0,1059.5,1025.0,1028.75,1950
2022-02-24,00:00:00,950.0,1025.0,912.25,957.9,7200
2022-02-25,00:00:00,1044.75,1044.75,980.0,997.35,5400
2022-02-28,00:00:00,997.0,1044.5,996.9,999.0,1950
2022-03-02,00:00:00,1000.0,1035.0,975.0,975.0,1650
2022-03-03,00:00:00,1000.0,1023.75,990.0,1017.0,1650
2022-03-04,00:00:00,990.0,1005.0,977.0,977.0,2100
2022-03-07,00:00:00,971.0,997.9,930.0,947.35,3600
2022-03-08,00:00:00,959.75,980.0,945.0,980.0,1350
2022-03-09,00:00:00,980.0,999.0,961.05,980.5,3000
2022-03-10,00:00:00,1033.0,1033.0,982.0,1000.0,1950
2022-03-11,00:00:00,1019.9,1025.0,1015.0,1025.0,750
2022-03-14,00:00:00,1073.0,1073.0,1050.05,1070.35,2400
2022-03-15,00:00:00,1085.0,1085.0,985.05,996.25,7200
2022-03-16,00:00:00,997.0,1069.0,997.0,1023.2,4500
2022-03-17,00:00:00,1000.0,1176.95,980.25,1120.65,14550
2022-03-21,00:00:00,1169.95,1169.95,1105.15,1124.4,2250
2022-03-22,00:00:00,1172.0,1177.0,1132.0,1165.0,3300
2022-03-23,00:00:00,1165.0,1165.1,1130.0,1165.0,2100
2022-03-24,00:00:00,1165.0,1185.0,1152.0,1161.0,2100
2022-03-25,00:00:00,1150.0,1150.0,1122.0,1122.0,750
2022-03-28,00:00:00,1100.0,1130.0,1100.0,1115.0,900
2022-03-29,00:00:00,1115.55,1115.55,1115.55,1115.55,150
2022-03-30,00:00:00,1120.0,1166.5,1118.3,1155.75,1500
2022-03-31,00:00:00,1155.0,1226.95,1155.0,1202.65,4500
2022-04-01,00:00:00,1270.0,1270.05,1261.1,1269.8,3300
2022-04-04,00:00:00,1269.0,1299.95,1245.35,1250.0,8700
2022-04-05,00:00:00,1260.0,1280.0,1225.1,1225.1,1200
2022-04-06,00:00:00,1220.0,1235.0,1204.05,1235.0,3150
2022-04-07,00:00:00,1235.0,1254.0,1225.0,1225.0,1950
2022-04-08,00:00:00,1230.0,1267.0,1230.0,1245.3,900
2022-04-11,00:00:00,1212.0,1274.0,1212.0,1230.05,3600
2022-04-12,00:00:00,1231.0,1275.0,1201.15,1222.05,5700
2022-04-13,00:00:00,1220.0,1239.9,1220.0,1225.0,1200
2022-04-18,00:00:00,1220.0,1245.0,1220.0,1223.35,1800
2022-04-19,00:00:00,1223.35,1244.95,1215.0,1220.0,1200
2022-04-20,00:00:00,1200.0,1200.0,1200.0,1200.0,300
2022-04-21,00:00:00,1200.0,1200.0,1200.0,1200.0,150
2022-04-22,00:00:00,1220.0,1243.8,1182.0,1214.0,4500
2022-04-25,00:00:00,1249.95,1249.95,1192.0,1192.0,1800
2022-04-26,00:00:00,1177.0,1221.5,1177.0,1177.0,1050
2022-04-27,00:00:00,1160.0,1229.0,1160.0,1180.1,2250
2022-04-28,00:00:00,1197.95,1205.0,1190.0,1190.0,600
2022-04-29,00:00:00,1181.05,1181.05,1170.0,1170.5,750
2022-05-02,00:00:00,1160.0,1168.8,1160.0,1168.8,450
2022-05-04,00:00:00,1165.0,1165.0,1075.0,1078.75,2100
2022-05-05,00:00:00,1119.0,1120.0,1100.0,1100.0,1350
2022-05-06,00:00:00,1080.0,1080.0,1045.0,1070.0,1350
2022-05-09,00:00:00,1098.9,1098.9,1035.0,1035.0,300
2022-05-10,00:00:00,1007.5,1050.0,1005.05,1013.85,1500
2022-05-11,00:00:00,1013.85,1013.85,932.5,989.8,2100
2022-05-12,00:00:00,916.75,935.0,916.0,935.0,600
2022-05-13,00:00:00,990.9,1000.0,990.9,1000.0,450
2022-05-16,00:00:00,1000.9,1001.25,1000.9,1001.25,750
2022-05-17,00:00:00,1015.0,1032.0,1015.0,1015.0,1950
2022-05-18,00:00:00,962.15,1070.0,940.0,1025.0,1500
2022-05-19,00:00:00,1010.0,1010.0,975.55,975.55,1350
2022-05-20,00:00:00,1025.0,1025.0,1008.0,1008.0,300
2022-05-23,00:00:00,1038.0,1038.0,1000.05,1019.95,900
2022-05-24,00:00:00,1019.0,1019.95,950.1,957.55,1350
2022-05-25,00:00:00,957.55,970.0,866.8,895.65,4950
2022-05-26,00:00:00,878.05,920.0,878.0,915.0,2400
2022-05-27,00:00:00,973.0,973.0,950.0,950.0,450
2022-05-30,00:00:00,983.0,983.0,953.0,979.0,600
2022-06-01,00:00:00,978.0,978.0,970.0,970.0,1350
2022-06-03,00:00:00,970.0,1009.9,970.0,1009.9,300
2022-06-06,00:00:00,970.0,970.0,955.0,970.0,450
2022-06-07,00:00:00,971.0,971.0,971.0,971.0,150
2022-06-10,00:00:00,920.6,970.8,920.6,970.0,450
2022-06-13,00:00:00,901.0,949.8,900.5,937.9,1500
2022-06-16,00:00:00,919.55,919.55,887.0,887.0,1200
2022-06-17,00:00:00,887.0,887.0,887.0,887.0,150
2022-06-20,00:00:00,875.0,875.0,802.0,813.45,2550
2022-06-21,00:00:00,835.0,841.0,818.0,841.0,1350
2022-06-22,00:00:00,877.45,877.45,877.45,877.45,150
2022-06-23,00:00:00,851.0,865.0,840.0,865.0,900
2022-06-24,00:00:00,865.0,865.0,850.0,850.0,300
2022-06-27,00:00:00,898.0,899.5,888.0,899.5,1800
2022-06-28,00:00:00,875.0,875.0,868.0,868.0,300
2022-06-29,00:00:00,875.0,875.0,875.0,875.0,300
2022-06-30,00:00:00,887.95,887.95,849.0,849.65,1350
2022-07-01,00:00:00,820.0,840.0,820.0,830.0,300
2022-07-04,00:00:00,879.95,888.0,855.0,855.0,750
2022-07-05,00:00:00,887.9,890.0,875.0,875.0,1050
2022-07-06,00:00:00,845.1,845.1,845.1,845.1,150
2022-07-07,00:00:00,852.0,860.0,850.0,850.05,900
2022-07-08,00:00:00,850.0,890.0,850.0,872.5,1800
2022-07-11,00:00:00,875.0,880.0,875.0,880.0,300
2022-07-12,00:00:00,860.0,860.0,840.05,845.5,750
2022-07-13,00:00:00,850.0,865.0,850.0,850.0,1200
2022-07-14,00:00:00,866.9,866.9,866.9,866.9,150
2022-07-15,00:00:00,840.55,842.05,837.0,837.0,600
2022-07-18,00:00:00,845.0,855.0,825.0,855.0,1050
2022-07-19,00:00:00,880.0,880.0,860.1,860.1,450
2022-07-20,00:00:00,879.95,880.0,865.0,865.0,600
2022-07-21,00:00:00,874.9,886.0,874.9,884.15,900
2022-07-22,00:00:00,918.0,948.0,918.0,948.0,750
2022-07-25,00:00:00,950.0,1007.0,950.0,1007.0,2100
2022-07-26,00:00:00,1015.0,1015.0,999.0,999.0,450
2022-07-28,00:00:00,1059.0,1059.0,982.1,982.1,1950
2022-07-29,00:00:00,1005.0,1005.0,1005.0,1005.0,300
2022-08-01,00:00:00,1000.0,1000.0,981.35,990.0,1200
2022-08-02,00:00:00,980.0,980.0,965.0,965.0,300
2022-08-03,00:00:00,925.2,925.2,881.0,881.0,750
2022-08-04,00:00:00,925.0,939.75,901.1,937.0,1650
2022-08-05,00:00:00,949.9,950.0,907.1,907.1,900
2022-08-08,00:00:00,920.0,1050.0,920.0,1017.8,5550
2022-08-10,00:00:00,980.0,1019.9,946.5,973.9,4050
2022-08-11,00:00:00,960.05,960.05,960.0,960.0,450
2022-08-12,00:00:00,960.0,960.0,935.5,935.5,600
2022-08-16,00:00:00,935.5,936.0,905.25,905.25,1350
2022-08-17,00:00:00,920.0,940.0,915.05,929.5,1650
2022-08-18,00:00:00,930.0,938.2,868.25,892.5,8850
2022-08-19,00:00:00,915.0,950.0,902.25,947.75,4350
2022-08-22,00:00:00,900.55,940.5,875.0,885.8,2850
2022-08-23,00:00:00,876.0,950.0,876.0,920.0,2250
2022-08-24,00:00:00,920.25,950.0,920.25,949.0,2100
2022-08-25,00:00:00,960.0,960.0,930.0,930.0,1050
2022-08-26,00:00:00,969.9,1080.0,931.25,1029.25,13500
2022-08-29,00:00:00,1025.0,1150.0,990.0,1127.45,35850
2022-08-30,00:00:00,1178.0,1219.0,1130.0,1196.6,18300
2022-09-01,00:00:00,1239.95,1239.95,1149.9,1172.9,15150
2022-09-02,00:00:00,1140.0,1177.9,1139.0,1163.35,7650
2022-09-05,00:00:00,1174.0,1192.4,1085.1,1103.75,6300
2022-09-06,00:00:00,1103.75,1149.8,1077.05,1130.0,6750
2022-09-07,00:00:00,1159.95,1159.95,1087.65,1103.0,4500
2022-09-08,00:00:00,1128.0,1139.3,1080.05,1089.25,3600
2022-09-09,00:00:00,1100.0,1119.8,1093.05,1117.4,1050
2022-09-12,00:00:00,1127.95,1127.95,1070.0,1093.3,2400
2022-09-13,00:00:00,1110.0,1120.0,1075.0,1092.8,3000
2022-09-14,00:00:00,1098.4,1110.0,1083.05,1083.05,5700
2022-09-15,00:00:00,1133.95,1133.95,1074.05,1076.8,2700
2022-09-16,00:00:00,1085.0,1099.95,1055.0,1065.0,2100
2022-09-19,00:00:00,1060.1,1108.45,1060.1,1075.1,3300
2022-09-20,00:00:00,1087.0,1101.1,1087.0,1099.95,1800
2022-09-21,00:00:00,1100.0,1114.85,1070.0,1073.55,1800
2022-09-22,00:00:00,1070.0,1088.0,1070.0,1088.0,1200
2022-09-23,00:00:00,1071.0,1102.0,1070.0,1092.0,2250
2022-09-26,00:00:00,1090.0,1090.0,1017.25,1040.0,2400
2022-09-27,00:00:00,1045.1,1050.0,1040.0,1040.0,1500
2022-09-28,00:00:00,1040.0,1070.0,1035.15,1044.25,1500
2022-09-29,00:00:00,1045.0,1057.9,1040.0,1045.5,2550
2022-09-30,00:00:00,1049.9,1059.9,1020.0,1049.85,3000
2022-10-03,00:00:00,1074.95,1075.0,1031.2,1044.8,4050
2022-10-04,00:00:00,1069.0,1069.0,1033.0,1038.45,2100
2022-10-06,00:00:00,1030.25,1055.0,1030.25,1040.0,1350
2022-10-07,00:00:00,1030.05,1036.1,1030.05,1036.1,750
2022-10-10,00:00:00,1038.5,1076.0,1020.65,1053.05,10350
2022-10-11,00:00:00,1059.6,1059.6,1040.05,1043.05,1200
2022-10-12,00:00:00,1000.0,1067.5,1000.0,1052.75,3150
2022-10-13,00:00:00,1052.5,1052.5,1035.1,1035.1,450
2022-10-14,00:00:00,1057.45,1057.45,1035.15,1050.0,600
2022-10-17,00:00:00,1051.0,1051.0,1039.95,1039.95,3150
2022-10-18,00:00:00,1055.0,1055.0,1040.25,1042.6,900
2022-10-19,00:00:00,1051.0,1051.0,1040.45,1040.45,450
2022-10-20,00:00:00,1040.25,1046.95,1040.0,1044.3,1050
2022-10-21,00:00:00,1050.0,1058.9,1040.1,1042.0,3150
2022-10-24,00:00:00,1045.0,1051.9,1045.0,1050.25,1350
2022-10-25,00:00:00,1040.0,1069.0,1040.0,1064.0,1350
2022-10-27,00:00:00,1074.95,1075.0,1052.25,1058.0,1650
2022-10-28,00:00:00,1059.0,1059.0,1045.0,1048.0,1500
2022-10-31,00:00:00,1010.0,1035.0,935.25,1029.9,6150
2022-11-01,00:00:00,1002.85,1058.75,1002.85,1017.2,4500
2022-11-02,00:00:00,1039.5,1099.0,1039.5,1082.3,1800
2022-11-03,00:00:00,1031.5,1167.8,1031.5,1160.3,10200
2022-11-04,00:00:00,1165.0,1195.0,1159.05,1159.55,4950
2022-11-07,00:00:00,1169.0,1180.0,1162.25,1162.25,1350
2022-11-09,00:00:00,1187.9,1248.0,1187.9,1237.95,10950
2022-11-10,00:00:00,1233.85,1233.85,1201.15,1224.0,750
2022-11-11,00:00:00,1207.25,1230.0,1181.1,1218.9,3900
2022-11-14,00:00:00,1229.0,1235.0,1200.1,1205.1,4650
2022-11-15,00:00:00,1200.1,1200.1,1151.9,1167.0,2400
2022-11-16,00:00:00,1152.0,1152.0,1105.55,1115.25,1650
2022-11-17,00:00:00,1107.35,1160.0,1081.15,1155.35,2100
2022-11-18,00:00:00,1150.0,1200.0,1147.0,1175.0,4350
2022-11-21,00:00:00,1165.0,1180.0,1165.0,1180.0,750
2022-11-22,00:00:00,1151.1,1175.0,1149.0,1150.0,5100
2022-11-23,00:00:00,1152.05,1152.05,1140.0,1140.0,1200
2022-11-24,00:00:00,1160.0,1200.0,1160.0,1171.25,3750
2022-11-25,00:00:00,1189.5,1205.0,1171.1,1205.0,2700
2022-11-28,00:00:00,1165.25,1168.55,1165.25,1165.95,1350
2022-11-29,00:00:00,1184.95,1184.95,1150.05,1150.05,900
2022-11-30,00:00:00,1189.9,1220.0,1180.0,1180.0,2100
2022-12-01,00:00:00,1180.0,1217.5,1170.0,1176.0,2100
2022-12-02,00:00:00,1175.0,1175.0,1140.1,1147.3,1650
2022-12-05,00:00:00,1184.5,1200.0,1166.0,1182.4,3150
2022-12-06,00:00:00,1170.05,1190.0,1170.0,1170.0,1200
2022-12-07,00:00:00,1184.95,1185.0,1160.0,1160.0,750
2022-12-08,00:00:00,1170.0,1170.0,1150.0,1157.95,1200
2022-12-09,00:00:00,1183.9,1200.0,1150.05,1168.0,4200
2022-12-12,00:00:00,1149.1,1160.0,1142.25,1153.3,1650
2022-12-13,00:00:00,1145.0,1145.0,1145.0,1145.0,150
2022-12-14,00:00:00,1185.9,1190.0,1147.0,1150.5,8100
2022-12-15,00:00:00,1160.0,1169.95,1160.0,1169.95,450
2022-12-16,00:00:00,1123.15,1170.0,1123.15,1155.0,750
2022-12-19,00:00:00,1153.95,1165.0,1153.95,1163.0,900
2022-12-20,00:00:00,1119.1,1119.1,1119.1,1119.1,150
2022-12-21,00:00:00,1125.0,1160.0,1120.0,1120.0,2400
2022-12-22,00:00:00,1120.0,1150.0,1050.0,1085.65,3900
2022-12-23,00:00:00,1050.05,1142.5,1010.0,1038.25,4500
2022-12-26,00:00:00,1010.0,1089.0,1010.0,1081.25,2550
2022-12-27,00:00:00,1154.95,1154.95,1102.1,1110.0,1050
2022-12-28,00:00:00,1135.75,1160.0,1133.0,1160.0,1200
2022-12-29,00:00:00,1144.0,1195.0,1140.0,1140.0,2550
2022-12-30,00:00:00,1150.0,1150.0,1120.0,1130.0,450
2023-01-03,00:00:00,1086.1,1140.0,1080.0,1140.0,2100
2023-01-04,00:00:00,1178.95,1178.95,1124.2,1124.2,600
2023-01-05,00:00:00,1160.0,1200.0,1149.95,1165.2,4500
2023-01-06,00:00:00,1191.95,1205.0,1175.75,1205.0,10800
2023-01-09,00:00:00,1205.0,1225.0,1205.0,1225.0,4800
2023-01-10,00:00:00,1225.0,1260.0,1220.0,1258.3,4950
2023-01-11,00:00:00,1258.0,1270.0,1250.0,1270.0,2250
2023-01-12,00:00:00,1237.25,1276.0,1237.25,1251.05,2400
2023-01-13,00:00:00,1260.0,1338.35,1251.0,1311.4,18000
2023-01-16,00:00:00,1325.0,1350.0,1276.1,1304.0,10050
2023-01-17,00:00:00,1315.0,1315.0,1251.0,1295.05,16050
2023-01-18,00:00:00,1330.0,1330.0,1288.05,1288.05,750
2023-01-19,00:00:00,1280.0,1334.75,1275.0,1290.1,2700
2023-01-20,00:00:00,1319.8,1319.8,1300.0,1301.0,900
2023-01-23,00:00:00,1276.05,1276.05,1275.55,1275.55,300
2023-01-25,00:00:00,1275.55,1300.0,1265.0,1267.5,1050
2023-01-27,00:00:00,1245.0,1270.9,1211.1,1245.0,1950
2023-01-30,00:00:00,1230.0,1249.95,1202.05,1249.95,750
2023-02-01,00:00:00,1211.55,1250.0,1211.55,1245.1,1500
2023-02-02,00:00:00,1265.0,1325.0,1265.0,1300.0,3300
2023-02-03,00:00:00,1315.0,1315.0,1220.0,1309.2,3750
2023-02-06,00:00:00,1310.0,1320.0,1275.1,1275.1,900
2023-02-07,00:00:00,1275.0,1308.0,1250.05,1292.45,6150
2023-02-08,00:00:00,1309.95,1310.0,1281.05,1309.95,6900
2023-02-09,00:00:00,1283.3,1310.0,1283.3,1303.4,2400
2023-02-10,00:00:00,1300.0,1300.0,1285.55,1285.55,1200
2023-02-13,00:00:00,1277.05,1300.0,1277.0,1300.0,900
2023-02-14,00:00:00,1256.55,1310.0,1256.55,1297.1,2700
2023-02-15,00:00:00,1275.25,1310.0,1275.0,1308.9,1800
2023-02-16,00:00:00,1320.0,1320.0,1285.05,1307.95,1650
2023-02-17,00:00:00,1310.0,1311.05,1300.0,1300.0,600
2023-02-20,00:00:00,1300.0,1310.0,1300.0,1310.0,1350
2023-02-21,00:00:00,1310.0,1324.0,1300.0,1315.0,2550
2023-02-22,00:00:00,1251.1,1303.0,1251.1,1298.9,600
2023-02-23,00:00:00,1296.4,1296.4,1285.0,1285.0,300
2023-02-24,00:00:00,1300.0,1300.0,1298.9,1299.0,600
2023-02-27,00:00:00,1250.0,1300.0,1250.0,1297.2,2550
2023-03-01,00:00:00,1309.95,1318.0,1298.0,1300.0,2250
2023-03-02,00:00:00,1300.0,1310.0,1300.0,1300.0,450
2023-03-03,00:00:00,1300.0,1318.5,1285.55,1312.5,900
2023-03-06,00:00:00,1304.95,1343.6,1300.0,1319.75,8400
2023-03-08,00:00:00,1320.0,1450.0,1320.0,1422.1,15600
2023-03-09,00:00:00,1425.25,1460.0,1390.0,1399.95,5850
2023-03-10,00:00:00,1375.0,1395.0,1354.05,1367.0,6900
2023-03-13,00:00:00,1350.0,1370.0,1320.0,1325.65,12300
2023-03-14,00:00:00,1334.0,1339.0,1308.55,1323.45,2400
2023-03-15,00:00:00,1306.05,1314.95,1280.0,1280.0,1650
2023-03-16,00:00:00,1280.0,1280.0,1250.0,1280.0,900
2023-03-17,00:00:00,1284.0,1329.0,1284.0,1322.9,3450
2023-03-20,00:00:00,1309.0,1310.0,1309.0,1310.0,300
2023-03-21,00:00:00,1290.0,1320.0,1290.0,1308.6,1200
2023-03-22,00:00:00,1305.0,1305.0,1257.5,1301.0,10500
2023-03-23,00:00:00,1270.0,1298.9,1270.0,1284.45,450
2023-03-24,00:00:00,1270.1,1299.95,1270.0,1270.75,3150
2023-03-27,00:00:00,1244.05,1260.0,1215.0,1220.0,1500
2023-03-28,00:00:00,1126.1,1199.95,1126.1,1190.0,5550
2023-03-29,00:00:00,1152.0,1250.0,1152.0,1249.9,5400
2023-03-31,00:00:00,1250.0,1339.95,1250.0,1326.55,3750
2023-04-03,00:00:00,1350.0,1351.0,1330.0,1351.0,600
2023-04-05,00:00:00,1355.05,1390.0,1349.0,1380.25,3000
2023-04-06,00:00:00,1350.5,1424.5,1350.5,1424.5,2100
2023-04-10,00:00:00,1411.0,1481.0,1410.5,1450.0,23850
2023-04-11,00:00:00,1475.0,1490.0,1438.0,1444.95,3000
2023-04-12,00:00:00,1450.0,1500.0,1449.0,1477.5,13950
2023-04-13,00:00:00,1496.9,1499.9,1468.0,1490.4,2850
2023-04-17,00:00:00,1495.9,1495.9,1480.0,1484.8,1350
2023-04-18,00:00:00,1445.15,1480.0,1445.15,1478.0,600
2023-04-19,00:00:00,1450.0,1479.95,1450.0,1479.95,750
2023-04-20,00:00:00,1479.95,1479.95,1400.55,1412.6,1800
2023-04-21,00:00:00,1420.0,1422.05,1420.0,1422.0,600
2023-04-24,00:00:00,1422.0,1422.0,1383.2,1383.2,1350
2023-04-25,00:00:00,1389.95,1389.95,1389.95,1389.95,150
2023-04-26,00:00:00,1389.95,1389.95,1389.95,1389.95,150
2023-04-27,00:00:00,1380.0,1405.0,1380.0,1405.0,4350
2023-04-28,00:00:00,1421.1,1421.1,1415.0,1415.0,450
2023-05-04,00:00:00,1447.95,1548.0,1415.05,1503.4,11400
2023-05-05,00:00:00,1545.0,1545.0,1503.0,1503.0,600
2023-05-08,00:00:00,1503.0,1544.9,1495.1,1529.0,1050
2023-05-09,00:00:00,1544.9,1544.9,1505.05,1529.0,750
2023-05-10,00:00:00,1524.9,1535.0,1499.95,1499.95,1950
2023-05-11,00:00:00,1499.95,1500.0,1499.95,1500.0,450
2023-05-12,00:00:00,1453.25,1453.25,1453.25,1453.25,150
2023-05-15,00:00:00,1495.0,1495.0,1494.95,1495.0,600
2023-05-16,00:00:00,1539.0,1574.0,1525.0,1549.85,5400
2023-05-17,00:00:00,1550.0,1598.45,1550.0,1558.9,3750
2023-05-18,00:00:00,1535.0,1550.0,1501.3,1520.45,4650
2023-05-19,00:00:00,1501.25,1520.55,1501.25,1520.55,750
2023-05-22,00:00:00,1529.7,1548.0,1529.7,1548.0,750
2023-05-23,00:00:00,1535.0,1550.0,1535.0,1549.5,900
2023-05-24,00:00:00,1560.0,1560.0,1501.25,1529.0,1200
2023-05-25,00:00:00,1520.05,1520.05,1501.0,1515.0,1200
2023-05-26,00:00:00,1500.0,1500.0,1500.0,1500.0,300
2023-05-29,00:00:00,1499.0,1499.0,1416.2,1445.0,1650
2023-05-30,00:00:00,1440.0,1440.0,1311.1,1337.7,6300
2023-05-31,00:00:00,1296.0,1397.0,1296.0,1375.4,4200
2023-06-01,00:00:00,1375.4,1387.9,1350.0,1355.0,2250
2023-06-02,00:00:00,1372.0,1400.0,1365.0,1365.0,1350
2023-06-05,00:00:00,1352.05,1399.95,1352.0,1399.95,2550
2023-06-06,00:00:00,1387.0,1402.0,1361.95,1381.5,1650
2023-06-07,00:00:00,1381.5,1381.5,1369.1,1369.1,600
2023-06-08,00:00:00,1400.0,1424.0,1376.1,1395.0,1950
2023-06-09,00:00:00,1400.0,1425.0,1400.0,1410.0,1500
2023-06-12,00:00:00,1420.0,1420.0,1390.1,1400.0,900
2023-06-13,00:00:00,1401.0,1415.0,1401.0,1403.55,1050
2023-06-14,00:00:00,1402.0,1402.0,1400.1,1400.2,750
2023-06-15,00:00:00,1400.0,1420.0,1400.0,1415.0,1050
2023-06-16,00:00:00,1401.0,1448.0,1400.0,1448.0,2250
2023-06-19,00:00:00,1450.0,1500.0,1450.0,1500.0,6300
2023-06-20,00:00:00,1505.05,1634.0,1503.1,1614.6,6900
2023-06-21,00:00:00,1649.0,1790.0,1625.9,1760.55,11700
2023-06-22,00:00:00,1771.0,1800.0,1725.0,1725.0,7950
2023-06-23,00:00:00,1702.65,1790.0,1702.65,1735.0,2400
2023-06-26,00:00:00,1735.05,1738.0,1718.5,1728.25,1350
2023-06-27,00:00:00,1713.15,1735.0,1653.3,1656.0,3750
2023-06-28,00:00:00,1652.55,1655.1,1625.05,1655.1,7350
2023-06-30,00:00:00,1655.05,1683.0,1644.0,1682.65,2400
2023-07-03,00:00:00,1652.55,1685.0,1652.55,1673.3,900
2023-07-04,00:00:00,1719.0,1719.0,1687.0,1700.0,1950
2023-07-05,00:00:00,1715.0,1740.0,1712.0,1720.0,1950
2023-07-06,00:00:00,1710.1,1729.95,1710.0,1711.0,1350
2023-07-07,00:00:00,1715.05,1730.5,1700.0,1700.0,1500
2023-07-10,00:00:00,1635.0,1775.0,1635.0,1705.0,1800
2023-07-11,00:00:00,1705.0,1705.0,1660.05,1677.5,600
2023-07-12,00:00:00,1700.0,1722.7,1681.05,1717.9,1650
2023-07-13,00:00:00,1725.0,1740.0,1710.0,1723.0,1500
2023-07-14,00:00:00,1725.0,1725.0,1700.0,1700.0,750
2023-07-17,00:00:00,1715.0,1748.0,1665.1,1665.1,2550
2023-07-18,00:00:00,1699.45,1700.0,1655.0,1666.35,1650
2023-07-19,00:00:00,1680.0,1680.0,1675.0,1675.0,1650
2023-07-20,00:00:00,1690.0,1690.0,1651.35,1652.95,1350
2023-07-21,00:00:00,1551.1,1669.0,1551.1,1621.8,3750
2023-07-24,00:00:00,1625.0,1625.0,1570.0,1571.6,4350
2023-07-25,00:00:00,1680.0,1680.0,1550.25,1550.8,3150
2023-07-26,00:00:00,1600.0,1600.0,1570.0,1578.35,1800
2023-07-27,00:00:00,1594.0,1600.0,1545.3,1565.6,1050
2023-07-28,00:00:00,1598.9,1598.9,1562.0,1562.0,1350
2023-07-31,00:00:00,1559.0,1559.0,1516.0,1522.5,1350
2023-08-01,00:00:00,1518.5,1518.5,1487.0,1493.0,4200
2023-08-02,00:00:00,1539.6,1740.0,1450.15,1629.1,71400
2023-08-03,00:00:00,1630.0,1689.0,1580.0,1665.0,8400
2023-08-04,00:00:00,1650.0,1670.0,1630.0,1652.15,4950
2023-08-07,00:00:00,1635.0,1650.0,1620.1,1633.95,5700
2023-08-08,00:00:00,1608.5,1619.95,1580.0,1597.65,2850
2023-08-09,00:00:00,1608.0,1608.0,1590.0,1593.65,1200
2023-08-10,00:00:00,1600.0,1600.0,1552.5,1572.75,1500
2023-08-11,00:00:00,1581.0,1595.0,1545.0,1548.65,3150
2023-08-14,00:00:00,1599.0,1599.0,1559.5,1561.0,2250
2023-08-16,00:00:00,1582.95,1582.95,1551.1,1555.55,1500
2023-08-17,00:00:00,1554.0,1575.0,1540.0,1540.0,1350
2023-08-18,00:00:00,1570.0,1649.0,1566.0,1589.9,5850
2023-08-21,00:00:00,1599.0,1599.0,1541.6,1585.35,17700
2023-08-22,00:00:00,1585.0,1600.0,1570.0,1578.0,4800
2023-08-23,00:00:00,1597.9,1610.0,1582.1,1586.05,4800
2023-08-24,00:00:00,1586.05,1595.0,1580.0,1580.0,2100
2023-08-25,00:00:00,1580.0,1580.0,1580.0,1580.0,450
2023-08-28,00:00:00,1580.0,1580.0,1578.0,1578.0,600
2023-08-29,00:00:00,1555.0,1578.0,1517.1,1555.0,600
2023-08-30,00:00:00,1579.95,1610.0,1579.95,1586.65,10800
2023-08-31,00:00:00,1635.0,1748.95,1620.0,1709.75,37650
2023-09-01,00:00:00,1725.0,1764.0,1680.55,1700.0,6600
2023-09-04,00:00:00,1700.0,1711.0,1660.0,1685.0,2700
2023-09-05,00:00:00,1700.0,1750.0,1695.0,1725.0,15300
2023-09-06,00:00:00,1725.0,1777.0,1695.0,1706.85,8100
2023-09-07,00:00:00,1730.0,1765.0,1700.0,1720.05,2700
2023-09-08,00:00:00,1725.0,1755.0,1710.0,1710.0,3450
2023-09-11,00:00:00,1715.0,1715.0,1710.5,1710.5,450
2023-09-12,00:00:00,1700.0,1700.0,1630.0,1645.0,5100
2023-09-13,00:00:00,1645.0,1695.0,1645.0,1692.45,2850
2023-09-14,00:00:00,1699.0,1700.0,1665.0,1671.7,2550
2023-09-15,00:00:00,1680.0,1685.0,1642.0,1644.85,3150
2023-09-18,00:00:00,1700.0,1700.0,1621.25,1638.95,12000
2023-09-20,00:00:00,1638.95,1649.85,1617.05,1617.05,750
2023-09-21,00:00:00,1670.0,1674.0,1612.25,1625.0,2250
2023-09-22,00:00:00,1614.1,1629.0,1614.0,1626.45,1050
2023-09-25,00:00:00,1620.0,1620.0,1600.0,1601.4,1200
2023-09-26,00:00:00,1591.0,1623.9,1591.0,1597.2,2250
2023-09-27,00:00:00,1624.9,1625.0,1600.0,1600.0,600
2023-09-28,00:00:00,1590.05,1639.95,1571.5,1590.0,1200
2023-09-29,00:00:00,1575.0,1665.0,1575.0,1656.0,2550
2023-10-03,00:00:00,1637.05,1652.45,1635.05,1652.45,900
2023-10-04,00:00:00,1620.1,1650.0,1619.0,1649.5,750
2023-10-05,00:00:00,1635.0,1676.0,1635.0,1664.3,1500
2023-10-06,00:00:00,1684.55,1685.0,1652.0,1652.5,1350
2023-10-09,00:00:00,1675.0,1700.0,1675.0,1694.45,6600
2023-10-10,00:00:00,1699.95,1736.9,1645.0,1700.55,6884
2023-10-11,00:00:00,1750.0,1950.0,1728.7,1883.95,35507
2023-10-12,00:00:00,1950.0,1950.05,1850.0,1877.6,9045
2023-10-13,00:00:00,1888.8,1998.0,1870.0,1890.2,16771
2023-10-16,00:00:00,1941.25,1941.25,1856.1,1883.95,3672
2023-10-17,00:00:00,1912.2,1912.2,1860.1,1872.55,1691
2023-10-18,00:00:00,1900.65,1900.65,1827.55,1840.15,2749
2023-10-19,00:00:00,1855.0,1869.3,1800.0,1806.55,3049
2023-10-20,00:00:00,1820.75,1840.0,1775.0,1821.4,2804
2023-10-23,00:00:00,1857.85,1884.9,1749.35,1791.5,14853
2023-10-25,00:00:00,1819.0,1819.0,1705.25,1784.4,12047
2023-10-26,00:00:00,1787.0,1839.0,1708.1,1807.45,10122
2023-10-27,00:00:00,1845.0,1845.0,1780.2,1817.2,3241
2023-10-30,00:00:00,1821.05,1849.85,1778.95,1818.25,2542
2023-10-31,00:00:00,1829.95,1850.0,1790.1,1817.45,3497
2023-11-01,00:00:00,1819.45,1825.15,1748.15,1762.5,2830
2023-11-02,00:00:00,1824.85,1824.85,1715.0,1726.3,4179
2023-11-03,00:00:00,1729.65,1804.55,1727.75,1778.95,6831
2023-11-06,00:00:00,1786.4,1795.0,1756.0,1772.2,3767
2023-11-07,00:00:00,1770.0,1794.2,1760.0,1774.95,1021
2023-11-08,00:00:00,1783.0,1799.95,1767.6,1773.25,838
2023-11-09,00:00:00,1800.0,1800.0,1750.0,1766.95,1516
2023-11-10,00:00:00,1767.25,1935.0,1759.75,1810.05,25161
2023-11-12,00:00:00,1844.0,1900.0,1843.95,1857.0,3084
2023-11-13,00:00:00,1865.0,2210.0,1825.0,2051.25,39791
2023-11-15,00:00:00,2128.0,2194.9,2070.1,2147.8,26741
2023-11-16,00:00:00,2145.0,2199.95,2000.0,2150.6,22357
2023-11-17,00:00:00,2179.95,2293.9,2120.0,2231.2,28846
2023-11-20,00:00:00,2285.0,2285.0,2178.2,2216.2,12903
2023-11-21,00:00:00,2231.5,2246.4,2151.05,2167.15,6513
2023-11-22,00:00:00,2169.9,2192.0,2072.0,2096.75,4804
2023-11-23,00:00:00,2096.75,2142.35,2000.1,2063.55,7296
2023-11-24,00:00:00,2129.0,2129.0,1877.8,1932.35,30765
2023-11-28,00:00:00,1932.35,2058.4,1831.0,1892.1,51181
2023-11-29,00:00:00,1920.0,1948.75,1800.1,1866.3,29187
2023-11-30,00:00:00,1894.0,1925.0,1850.25,1909.0,9222
2023-12-01,00:00:00,1924.0,2250.0,1900.6,2000.0,57041
2023-12-04,00:00:00,2049.0,2085.8,1985.05,1997.0,8100
2023-12-05,00:00:00,2019.8,2019.8,1950.1,1970.05,5831
2023-12-06,00:00:00,1990.7,2003.95,1935.0,1942.25,3703
2023-12-07,00:00:00,1975.0,1975.0,1932.2,1946.75,3885
2023-12-08,00:00:00,1966.2,2000.0,1940.5,1966.15,5252
2023-12-11,00:00:00,1995.65,1995.65,1890.05,1933.3,11390
2023-12-12,00:00:00,1962.3,1962.6,1870.0,1892.5,6843
2023-12-13,00:00:00,1875.0,1940.0,1875.0,1900.4,6701
2023-12-14,00:00:00,1900.4,1939.0,1879.0,1913.25,6454
2023-12-15,00:00:00,1918.6,1926.1,1865.6,1874.95,6157
2023-12-18,00:00:00,1900.0,1938.9,1872.05,1903.05,5641
2023-12-19,00:00:00,1909.0,1909.0,1864.0,1871.15,6276
2023-12-20,00:00:00,1851.0,1900.0,1792.05,1812.95,7873
2023-12-21,00:00:00,1812.95,1867.95,1780.0,1849.7,3374
2023-12-22,00:00:00,1873.55,1895.8,1852.2,1863.2,2510
2023-12-26,00:00:00,1889.0,1889.0,1830.0,1846.4,2495
2023-12-27,00:00:00,1861.0,1892.45,1850.0,1859.85,5759
2023-12-28,00:00:00,1899.9,1899.9,1831.25,1849.55,4914
2023-12-29,00:00:00,1850.55,1862.9,1844.0,1845.45,2387
2024-01-01,00:00:00,1845.45,1885.9,1833.1,1875.75,2193
2024-01-02,00:00:00,1907.0,1927.45,1848.05,1882.0,3802
2024-01-03,00:00:00,1895.0,1914.0,1825.15,1885.45,5618
2024-01-04,00:00:00,1880.5,1899.95,1873.55,1893.4,2589
2024-01-05,00:00:00,1915.0,1924.9,1874.45,1912.35,3587
2024-01-08,00:00:00,1921.0,1926.3,1878.0,1903.3,3681
2024-01-09,00:00:00,1928.0,1948.0,1876.55,1892.0,2280
2024-01-10,00:00:00,1947.0,1947.0,1900.7,1915.35,2175
2024-01-11,00:00:00,1925.0,1928.9,1888.1,1895.0,1661
2024-01-12,00:00:00,1909.1,1909.8,1803.6,1847.0,1677
2024-01-15,00:00:00,1890.0,1900.0,1845.0,1853.45,2482
2024-01-16,00:00:00,1854.0,1873.2,1825.0,1847.7,2228
2024-01-17,00:00:00,1853.0,1909.0,1825.6,1847.25,4696
2024-01-18,00:00:00,1850.1,1867.95,1782.6,1843.7,5078
2024-01-19,00:00:00,1850.05,1918.95,1850.05,1894.0,7527
2024-01-20,00:00:00,1904.7,1922.9,1838.95,1852.65,3857
2024-01-23,00:00:00,1861.7,1869.5,1783.35,1810.6,5660
2024-01-24,00:00:00,1828.0,1858.6,1800.05,1812.65,2073
2024-01-25,00:00:00,1824.1,1878.0,1798.0,1857.4,2135
2024-01-29,00:00:00,1870.0,1870.0,1818.75,1834.8,3683
2024-01-30,00:00:00,1825.0,1854.5,1810.0,1814.05,3029
2024-01-31,00:00:00,1829.0,2099.0,1829.0,1934.15,38599
2024-02-01,00:00:00,1956.35,1956.6,1915.0,1939.9,2307
2024-02-02,00:00:00,1947.1,2025.0,1925.0,1946.0,5383
2024-02-05,00:00:00,1993.0,1993.0,1873.1,1896.55,4836
2024-02-06,00:00:00,1904.0,1929.0,1901.15,1911.25,1669
2024-02-07,00:00:00,1939.9,1939.9,1884.95,1899.0,2114
2024-02-08,00:00:00,1909.95,1927.8,1884.75,1897.4,2566
2024-02-09,00:00:00,1909.9,1909.9,1838.1,1861.1,1647
2024-02-12,00:00:00,1900.0,1900.0,1798.0,1804.6,3515
2024-02-13,00:00:00,1822.5,1950.0,1779.95,1883.85,10798
2024-02-14,00:00:00,1943.0,2055.85,1903.25,2018.65,44761
2024-02-15,00:00:00,2088.0,2299.0,2040.0,2207.05,83112
2024-02-16,00:00:00,2264.85,2275.0,2121.25,2141.15,23243
2024-02-19,00:00:00,2160.0,2212.75,2081.05,2109.65,9258
2024-02-20,00:00:00,2100.0,2160.0,2020.2,2105.15,7871
2024-02-21,00:00:00,2105.15,2141.9,2040.5,2067.95,11076
2024-02-22,00:00:00,2069.05,2150.0,2009.65,2123.85,17733
2024-02-23,00:00:00,2147.0,2339.65,2070.0,2290.65,108275
2024-02-26,00:00:00,2322.2,2392.75,2228.8,2261.85,29268
2024-02-27,00:00:00,2295.8,2575.0,2248.4,2504.95,97440
2024-02-28,00:00:00,2589.9,2680.0,2428.15,2619.0,71544
2024-02-29,00:00:00,2608.0,2768.75,2540.0,2735.25,58901
2024-03-01,00:00:00,2735.0,2790.0,2667.6,2740.0,20591
2024-03-02,00:00:00,2701.0,2775.0,2685.0,2727.3,3478
2024-03-04,00:00:00,2750.0,2750.0,2615.15,2649.2,11267
2024-03-05,00:00:00,2699.95,2724.7,2450.05,2501.85,18268
2024-03-06,00:00:00,2510.0,2510.0,2413.35,2462.15,13349
2024-03-07,00:00:00,2460.0,2475.0,2420.0,2433.55,8460
2024-03-11,00:00:00,2425.1,2439.95,2176.2,2235.35,25337
2024-03-12,00:00:00,2235.35,2316.05,2101.0,2134.15,34103
2024-03-13,00:00:00,2169.0,2262.25,2030.0,2117.4,38006
2024-03-14,00:00:00,2120.0,2281.0,2075.05,2201.4,26398
2024-03-15,00:00:00,2234.4,2234.4,2133.0,2191.7,15713
2024-03-18,00:00:00,2191.7,2525.9,2151.05,2340.4,33391
2024-03-19,00:00:00,2375.5,2375.5,2220.0,2245.05,15292
2024-03-20,00:00:00,2249.95,2336.0,2225.3,2282.45,7699
2024-03-21,00:00:00,2310.0,2498.0,2283.3,2455.45,14143
2024-03-22,00:00:00,2497.0,2558.95,2379.0,2498.85,12426
2024-03-26,00:00:00,2569.0,2569.0,2433.55,2469.25,7243
2024-03-27,00:00:00,2488.85,2543.7,2444.0,2488.75,10948
2024-03-28,00:00:00,2509.0,2524.95,2405.05,2445.45,8820
2024-04-01,00:00:00,2488.0,2516.35,2444.0,2463.45,8135
2024-04-02,00:00:00,2430.1,2828.0,2430.1,2785.2,64720
2024-04-03,00:00:00,2790.0,2938.0,2720.0,2745.85,60492
2024-04-04,00:00:00,2746.0,2859.95,2725.05,2747.0,26546
2024-04-05,00:00:00,2779.4,2795.95,2628.0,2659.7,19425
2024-04-08,00:00:00,2698.0,2698.0,2601.25,2637.65,11189
2024-04-09,00:00:00,2674.7,2799.0,2643.15,2780.85,21977
2024-04-10,00:00:00,2780.0,2849.8,2740.7,2775.2,11013
2024-04-12,00:00:00,2780.0,2890.2,2725.95,2861.05,13397
2024-04-15,00:00:00,2818.15,2885.0,2655.45,2805.2,13884
2024-04-16,00:00:00,2808.0,2925.0,2775.0,2846.15,14466
2024-04-18,00:00:00,2850.0,2979.8,2720.35,2767.8,39292
2024-04-19,00:00:00,2767.8,2889.0,2731.6,2849.05,17788
2024-04-22,00:00:00,2801.1,3050.0,2801.1,2993.35,24622
2024-04-23,00:00:00,3000.0,3090.0,2950.0,3011.5,26205
2024-04-24,00:00:00,3056.65,3085.55,2880.0,2892.8,14529
2024-04-25,00:00:00,2924.0,3093.8,2915.15,3063.45,20035
2024-04-26,00:00:00,3094.1,3214.95,3039.4,3192.05,24868
2024-04-29,00:00:00,3250.0,3250.0,3080.0,3142.0,18338
2024-04-30,00:00:00,3142.0,3198.0,3050.05,3072.65,16396
2024-05-02,00:00:00,3118.75,3219.85,3051.0,3096.3,34858
2024-05-03,00:00:00,3125.0,3188.8,3003.55,3043.6,21831
2024-05-06,00:00:00,3115.0,3119.9,2932.0,2951.8,11559
2024-05-07,00:00:00,2970.05,2991.95,2842.0,2924.0,14424
2024-05-08,00:00:00,2900.0,2981.85,2868.05,2893.45,7364
2024-05-09,00:00:00,2900.0,2929.85,2775.0,2814.45,8786
2024-05-10,00:00:00,2800.0,2894.2,2783.5,2822.2,6423
2024-05-13,00:00:00,2822.2,2949.0,2758.65,2910.85,17407
2024-05-14,00:00:00,2920.0,3025.0,2888.7,2932.85,16583
2024-05-15,00:00:00,2935.1,2973.95,2850.1,2862.0,8771
2024-05-16,00:00:00,2880.0,2901.3,2814.6,2839.65,7492
2024-05-17,00:00:00,2850.8,2872.0,2790.95,2817.0,6146
2024-05-18,00:00:00,2859.1,2860.0,2713.25,2809.4,2225
2024-05-21,00:00:00,2809.4,2914.0,2775.0,2833.25,21582
2024-05-22,00:00:00,2844.55,2914.9,2820.25,2848.0,8945
2024-05-23,00:00:00,2842.6,2856.0,2740.2,2764.75,13282
2024-05-24,00:00:00,2775.8,2879.9,2772.0,2797.7,10349
2024-05-27,00:00:00,2802.0,2887.0,2736.15,2811.2,20374
2024-05-28,00:00:00,2820.05,2845.45,2662.6,2724.5,63688
2024-05-29,00:00:00,2724.5,2759.15,2651.1,2679.7,11130
2024-05-30,00:00:00,2706.5,2720.65,2625.8,2663.95,12528
2024-05-31,00:00:00,2668.9,2684.3,2610.0,2631.9,4292
2024-06-03,00:00:00,2663.5,2743.0,2569.35,2612.2,20156
2024-06-04,00:00:00,2630.05,2637.8,2211.15,2396.05,25795
2024-06-05,00:00:00,2396.05,2515.8,2297.35,2443.4,12184
2024-06-06,00:00:00,2500.0,2633.9,2462.3,2579.5,11464
2024-06-07,00:00:00,2583.9,2699.95,2566.05,2628.4,11099
2024-06-10,00:00:00,2649.25,2825.0,2628.4,2809.55,27561
2024-06-11,00:00:00,2733.6,2919.35,2733.6,2830.5,35722
2024-06-12,00:00:00,2830.75,2890.0,2725.0,2774.2,28522
2024-06-13,00:00:00,2815.8,2825.0,2736.9,2758.75,19301
2024-06-14,00:00:00,2762.75,2775.65,2675.05,2712.15,19604
2024-06-18,00:00:00,2721.1,2765.65,2687.1,2717.05,20647
2024-06-19,00:00:00,2736.0,2900.0,2682.55,2879.25,59510
2024-06-20,00:00:00,2922.45,3150.0,2920.0,3046.65,64672
2024-06-21,00:00:00,3063.9,3130.9,3030.0,3080.8,23973
2024-06-24,00:00:00,3074.85,3099.0,3015.55,3049.9,10829
2024-06-25,00:00:00,3075.0,3083.4,2937.05,2973.45,16516
2024-06-26,00:00:00,2974.35,2981.7,2905.25,2925.35,12861
2024-06-27,00:00:00,2935.0,3031.9,2901.05,2972.5,31883
2024-06-28,00:00:00,2972.5,3298.0,2951.9,3241.5,134417
2024-07-01,00:00:00,3279.0,3540.0,3175.2,3482.2,189310
2024-07-02,00:00:00,3514.45,3528.4,3355.0,3494.6,62764
2024-07-03,00:00:00,3522.0,3636.0,3467.45,3531.0,86410
2024-07-04,00:00:00,3545.85,3707.9,3504.15,3583.25,52527
2024-07-05,00:00:00,3590.15,3605.0,3362.0,3442.4,28080
2024-07-08,00:00:00,3422.6,3425.0,3300.0,3316.75,23042
2024-07-09,00:00:00,3309.0,3349.0,3225.0,3293.15,22743
2024-07-10,00:00:00,3273.15,3279.75,3070.0,3112.2,41265
2024-07-11,00:00:00,3138.25,3450.0,3138.2,3258.35,56329
2024-07-12,00:00:00,3287.8,3374.45,3216.0,3290.1,24043
2024-07-15,00:00:00,3311.4,3498.45,3295.0,3465.0,55484
2024-07-16,00:00:00,3488.25,3518.45,3332.0,3353.3,24754
2024-07-18,00:00:00,3353.2,3353.2,3199.65,3231.25,24597
2024-07-19,00:00:00,3232.0,3276.35,3047.6,3087.95,27089
2024-07-22,00:00:00,3087.95,3260.0,3040.2,3085.3,31922
2024-07-23,00:00:00,3079.2,3189.4,2986.6,3141.45,18939
2024-07-24,00:00:00,3150.0,3268.4,3149.0,3202.3,13287
2024-07-25,00:00:00,3189.0,3249.0,3163.45,3219.6,13679
2024-07-26,00:00:00,3233.0,3240.9,3140.35,3169.1,9887
2024-07-29,00:00:00,3199.0,3219.0,3070.0,3090.45,20633
2024-07-30,00:00:00,3072.0,3149.0,3050.0,3138.75,24803
2024-07-31,00:00:00,3168.0,3177.4,3083.4,3110.05,8139
2024-08-01,00:00:00,3175.0,3175.0,2950.05,3004.85,18561
2024-08-02,00:00:00,3004.85,3074.9,2955.0,3015.9,22837
2024-08-05,00:00:00,2890.3,3044.95,2890.3,2979.0,26570
2024-08-06,00:00:00,2979.0,3055.95,2865.0,2908.25,14985
2024-08-07,00:00:00,2930.0,2990.0,2911.25,2968.7,11794
2024-08-08,00:00:00,2974.85,2974.9,2875.0,2884.0,16773
2024-08-09,00:00:00,2939.0,3137.0,2897.5,3054.35,24326
2024-08-12,00:00:00,2977.0,3022.0,2880.0,2897.2,19037
2024-08-13,00:00:00,2966.7,2966.7,2630.5,2661.75,60691
2024-08-14,00:00:00,2661.75,2930.0,2627.7,2838.65,54308
2024-08-16,00:00:00,2909.95,2909.95,2776.75,2872.1,14772
2024-08-19,00:00:00,2869.0,2869.0,2755.0,2780.1,9884
2024-08-20,00:00:00,2832.0,2833.0,2757.6,2799.45,7304
2024-08-21,00:00:00,2789.9,2850.0,2776.0,2797.4,9394
2024-08-22,00:00:00,2822.0,2890.0,2778.75,2853.7,19911
2024-08-23,00:00:00,2882.25,2882.25,2760.0,2797.8,5900
2024-08-26,00:00:00,2755.85,2818.55,2672.1,2708.4,15258
2024-08-27,00:00:00,2704.4,2760.0,2655.65,2694.25,10922
2024-08-28,00:00:00,2694.95,2748.95,2687.75,2713.9,6926
2024-08-29,00:00:00,2727.0,2743.1,2650.1,2687.1,14799
2024-08-30,00:00:00,2693.0,2705.0,2625.0,2640.55,8584
2024-09-02,00:00:00,2680.15,2750.0,2586.65,2650.3,17163
2024-09-03,00:00:00,2672.0,2685.9,2597.0,2630.85,9160
2024-09-04,00:00:00,2657.0,2725.85,2611.0,2697.05,19282
2024-09-05,00:00:00,2725.0,2733.25,2646.1,2693.35,8843
2024-09-06,00:00:00,2681.95,2710.0,2644.75,2692.1,14633
2024-09-09,00:00:00,2677.0,2677.0,2581.55,2597.1,8409
2024-09-10,00:00:00,2636.0,2670.0,2603.0,2630.5,17410
2024-09-11,00:00:00,2634.85,2670.15,2630.0,2650.35,8614
2024-09-12,00:00:00,2659.0,2792.95,2635.2,2738.45,25063
2024-09-13,00:00:00,2779.55,2790.0,2710.85,2766.25,11289
2024-09-16,00:00:00,2874.0,2874.0,2658.6,2687.0,9800
2024-09-17,00:00:00,2687.05,2749.95,2650.0,2650.7,9339
2024-09-18,00:00:00,2650.75,2705.95,2650.75,2670.35,5959
2024-09-19,00:00:00,2670.1,2670.3,2629.15,2645.45,8673
2024-09-20,00:00:00,2664.75,2773.95,2647.25,2724.2,15546
2024-09-23,00:00:00,2749.0,2773.95,2690.0,2739.45,8753
2024-09-24,00:00:00,2750.0,2750.0,2650.05,2666.65,17011
2024-09-25,00:00:00,2699.0,2730.85,2622.0,2645.6,11924
2024-09-26,00:00:00,2657.0,2662.45,2588.2,2597.1,5716
2024-09-27,00:00:00,2749.0,2749.0,2601.0,2610.65,17365
2024-09-30,00:00:00,2610.6,2625.0,2585.35,2599.55,3495
2024-10-01,00:00:00,2590.0,2638.6,2573.6,2600.65,3599
2024-10-03,00:00:00,2586.0,2610.0,2551.6,2565.15,5070
2024-10-04,00:00:00,2565.0,2661.3,2510.0,2576.25,8755
2024-10-07,00:00:00,2571.0,2571.0,2424.25,2453.2,6880
2024-10-08,00:00:00,2471.0,2525.0,2430.0,2491.75,7144
2024-10-09,00:00:00,2492.4,2595.0,2451.05,2498.3,11309
2024-10-10,00:00:00,2514.9,2535.0,2362.8,2449.55,9891
2024-10-11,00:00:00,2455.0,2500.0,2448.0,2453.75,4743
2024-10-14,00:00:00,2469.0,2515.0,2435.05,2467.05,4652
2024-10-15,00:00:00,2451.0,2455.0,2370.0,2400.0,7592
2024-10-16,00:00:00,2435.0,2448.5,2398.55,2409.0,4399
2024-10-17,00:00:00,2420.0,2420.0,2316.6,2327.65,12191
2024-10-18,00:00:00,2350.95,2409.95,2290.0,2394.35,15945
2024-10-21,00:00:00,2378.5,2392.45,2242.4,2268.25,13942
2024-10-22,00:00:00,2275.0,2275.0,2113.25,2130.6,20359
2024-10-23,00:00:00,2155.0,2261.3,2121.55,2222.1,12787
2024-10-24,00:00:00,2220.0,2299.0,2184.05,2255.35,14553
2024-10-25,00:00:00,2266.0,2266.0,2150.25,2158.7,15793
2024-10-28,00:00:00,2191.1,2299.0,2137.5,2285.95,11873
2024-10-29,00:00:00,2260.0,2294.95,2200.0,2218.9,3897
2024-10-30,00:00:00,2227.2,2328.0,2227.15,2304.4,4779
2024-10-31,00:00:00,2304.4,2315.95,2265.6,2292.2,1843
2024-11-01,00:00:00,2300.05,2350.0,2277.0,2319.8,1025
2024-11-04,00:00:00,2314.95,2314.95,2222.0,2241.65,2471
2024-11-05,00:00:00,2255.0,2329.45,2254.05,2300.8,3177
2024-11-06,00:00:00,2280.0,2373.3,2280.0,2361.55,3936
2024-11-07,00:00:00,2369.0,2400.0,2336.1,2354.4,2461
2024-11-08,00:00:00,2389.7,2429.9,2201.0,2352.85,5849
2024-11-11,00:00:00,2317.55,2345.0,2177.15,2298.9,8196
2024-11-12,00:00:00,2350.0,2350.0,2152.5,2189.1,4590
2024-11-13,00:00:00,2185.95,2189.1,1975.0,2003.45,37622
2024-11-14,00:00:00,2020.0,2083.3,1992.75,2003.25,8227
2024-11-18,00:00:00,2003.25,2025.0,1941.3,1981.65,7615
2024-11-19,00:00:00,1990.0,2123.0,1990.0,2079.4,12099
2024-11-21,00:00:00,2099.75,2099.75,1975.15,2041.85,12756
2024-11-22,00:00:00,2051.9,2099.0,2033.0,2079.6,4231
2024-11-25,00:00:00,2099.05,2135.95,2050.0,2068.35,5035
2024-11-26,00:00:00,2076.4,2183.95,2069.95,2103.95,4140
2024-11-27,00:00:00,2090.0,2200.0,2089.85,2160.45,4868
2024-11-28,00:00:00,2156.0,2225.0,2150.0,2163.25,35389
2024-11-29,00:00:00,2158.0,2189.95,2150.0,2172.65,3502
2024-12-02,00:00:00,2150.0,2169.95,2117.55,2132.8,5796
2024-12-03,00:00:00,2130.05,2202.05,2130.05,2198.05,9795
2024-12-04,00:00:00,2190.0,2212.45,2116.25,2133.45,6280
2024-12-05,00:00:00,2165.45,2165.45,2115.0,2134.45,4621
2024-12-06,00:00:00,2127.9,2269.95,2071.0,2258.9,42044
2024-12-09,00:00:00,2205.0,2239.0,2179.2,2205.45,12885
2024-12-10,00:00:00,2238.5,2238.5,2185.05,2214.3,7097
2024-12-11,00:00:00,2205.0,2224.0,2177.15,2214.1,4732
2024-12-12,00:00:00,2201.35,2225.0,2185.6,2212.75,3143
2024-12-13,00:00:00,2212.75,2224.95,2151.05,2202.85,3207
2024-12-16,00:00:00,2189.4,2222.5,2157.2,2165.85,2496
2024-12-17,00:00:00,2166.0,2180.8,2150.0,2159.95,1249
2024-12-18,00:00:00,2158.25,2170.0,2135.0,2141.2,2600
2024-12-19,00:00:00,2146.4,2146.4,2100.05,2123.55,2547
2024-12-20,00:00:00,2123.55,2184.25,2100.0,2106.8,3793
2024-12-23,00:00:00,2138.4,2220.0,2100.0,2206.6,11382
2024-12-24,00:00:00,2230.0,2300.0,2060.95,2082.0,24315
2024-12-26,00:00:00,2060.0,2120.2,2055.0,2070.95,3644
2024-12-27,00:00:00,2055.0,2104.95,2055.0,2098.9,2864
2024-12-30,00:00:00,2090.0,2135.0,1975.0,2003.75,6317
2024-12-31,00:00:00,2023.8,2039.95,1995.0,2017.25,6237
2025-01-01,00:00:00,2010.0,2080.0,2010.0,2061.15,3025
2025-01-02,00:00:00,2061.15,2101.0,2059.15,2077.1,3453
2025-01-03,00:00:00,2080.05,2099.0,2070.55,2093.25,2011
2025-01-06,00:00:00,2122.0,2130.6,1975.0,1996.2,3734
2025-01-07,00:00:00,1975.0,2021.6,1949.95,1978.3,8650
2025-01-08,00:00:00,1978.0,2009.95,1950.05,1980.4,3603
2025-01-09,00:00:00,1985.05,1990.0,1965.0,1973.75,2650
2025-01-10,00:00:00,1968.5,1974.1,1902.0,1910.45,4498
2025-01-13,00:00:00,1944.0,1948.75,1820.0,1896.95,9209
2025-01-14,00:00:00,1905.3,1933.0,1835.05,1856.4,10716
2025-01-15,00:00:00,1870.2,1870.2,1778.8,1827.35,17239
2025-01-16,00:00:00,1869.0,1913.0,1867.9,1898.1,7043
2025-01-17,00:00:00,1878.9,1925.0,1866.1,1899.05,5290
2025-01-20,00:00:00,1910.3,1995.0,1902.1,1985.8,4475
2025-01-21,00:00:00,1985.8,1994.7,1883.0,1889.5,8643
2025-01-22,00:00:00,1892.55,1895.85,1829.95,1852.95,8886
2025-01-23,00:00:00,1835.0,1901.0,1835.0,1865.55,4862
2025-01-24,00:00:00,1876.1,1889.0,1775.0,1787.6,11166
2025-01-27,00:00:00,1785.0,1785.0,1682.35,1700.7,14011
2025-01-28,00:00:00,1719.95,1725.0,1558.45,1658.3,14200
2025-01-29,00:00:00,1633.4,1746.2,1626.3,1678.55,8101
2025-01-30,00:00:00,1679.65,1745.0,1674.5,1696.3,4245
2025-01-31,00:00:00,1721.7,1770.0,1700.0,1762.75,2192
2025-02-01,00:00:00,1762.75,1830.0,1762.75,1799.55,1815
2025-02-03,00:00:00,1787.35,1795.15,1714.85,1743.75,2308
2025-02-04,00:00:00,1746.65,1781.95,1715.0,1728.8,1815
2025-02-05,00:00:00,1879.95,1879.95,1722.5,1740.1,6338
2025-02-06,00:00:00,1747.7,1778.95,1739.15,1759.25,1867
2025-02-07,00:00:00,1767.85,1800.0,1650.0,1723.55,3422
2025-02-10,00:00:00,1730.05,1747.45,1651.0,1694.65,5628
2025-02-11,00:00:00,1683.65,1685.0,1620.1,1640.15,5458
2025-02-12,00:00:00,1600.0,1653.35,1550.0,1624.1,4802
2025-02-13,00:00:00,1645.0,1700.0,1635.55,1669.3,4919
2025-02-14,00:00:00,1644.0,1662.0,1550.0,1631.5,11382
2025-02-17,00:00:00,1659.95,1664.0,1551.1,1633.75,4925
2025-02-18,00:00:00,1620.0,1688.0,1620.0,1673.6,20045
2025-02-19,00:00:00,1667.1,1706.85,1649.0,1687.85,12666
2025-02-20,00:00:00,1687.85,1839.0,1683.15,1798.8,7332
2025-02-21,00:00:00,1771.8,1870.0,1771.8,1846.65,6814
2025-02-24,00:00:00,1818.95,1831.8,1711.15,1767.7,7730
2025-02-25,00:00:00,1753.45,1797.85,1725.0,1761.05,4865
2025-02-27,00:00:00,1734.0,1779.95,1661.0,1686.35,4391
2025-02-28,00:00:00,1675.0,1679.95,1570.0,1636.85,8167
2025-03-03,00:00:00,1640.0,1642.2,1540.0,1564.3,11468
2025-03-04,00:00:00,1556.4,1586.05,1540.0,1552.45,6077
2025-03-05,00:00:00,1541.3,1669.0,1539.05,1615.9,16466
2025-03-06,00:00:00,1615.9,1679.7,1615.9,1635.8,7967
2025-03-07,00:00:00,1635.0,1720.0,1623.25,1702.55,10031
2025-03-10,00:00:00,1705.0,1705.0,1648.0,1668.85,19731
2025-03-11,00:00:00,1663.95,1664.95,1619.0,1649.35,14394
2025-03-12,00:00:00,1650.0,1702.45,1614.75,1667.8,14521
2025-03-13,00:00:00,1679.95,1710.05,1638.0,1656.35,4232
2025-03-17,00:00:00,1656.35,1662.0,1618.25,1632.9,17689
2025-03-18,00:00:00,1632.9,1652.8,1578.1,1619.4,14898
2025-03-19,00:00:00,1613.05,1760.0,1608.0,1752.8,19583
2025-03-20,00:00:00,1726.5,1780.0,1681.0,1760.55,10426
2025-03-21,00:00:00,1756.9,1950.0,1756.9,1898.6,20585
2025-03-24,00:00:00,1898.6,1980.9,1880.0,1962.9,18531
2025-03-25,00:00:00,1962.9,1978.0,1850.0,1877.05,12558
2025-03-26,00:00:00,1872.0,1909.2,1803.5,1814.05,23363
2025-03-27,00:00:00,1814.05,1835.95,1725.0,1742.0,19050
2025-03-28,00:00:00,1780.0,1844.95,1702.7,1761.7,16192
